Member,G_N_kN,G_V_kN,G_M_kNm,Q_N_kN,Q_V_kN,Q_M_kNm,E_N_kN,E_V_kN,E_M_kNm
1,192.83,3.93,5.97,61.45,1.37,2.08,55.20,27.08,77.92
1,192.83,3.93,4.00,61.45,1.37,1.39,55.20,27.08,64.38
1,192.83,3.93,2.04,61.45,1.37,0.71,55.20,27.08,50.84
1,192.83,3.93,0.07,61.45,1.37,0.03,55.20,27.08,37.30
1,192.83,3.93,1.89,61.45,1.37,0.66,55.20,27.08,23.76
1,192.83,3.93,3.86,61.45,1.37,1.34,55.20,27.08,10.22
1,192.83,3.93,5.82,61.45,1.37,2.03,55.20,27.08,3.33
1,192.83,3.93,7.79,61.45,1.37,2.71,55.20,27.08,16.87
1,192.83,3.93,9.75,61.45,1.37,3.40,55.20,27.08,30.41
1,192.83,3.93,11.72,61.45,1.37,4.08,55.20,27.08,43.95
2,401.19,0.26,0.37,127.55,0.10,0.14,6.90,33.36,87.37
2,401.19,0.26,0.24,127.55,0.10,0.09,6.90,33.36,70.69
2,401.19,0.26,0.11,127.55,0.10,0.04,6.90,33.36,54.01
2,401.19,0.26,0.02,127.55,0.10,0.01,6.90,33.36,37.33
2,401.19,0.26,0.15,127.55,0.10,0.06,6.90,33.36,20.65
2,401.19,0.26,0.28,127.55,0.10,0.10,6.90,33.36,3.97
2,401.19,0.26,0.42,127.55,0.10,0.15,6.90,33.36,12.71
2,401.19,0.26,0.55,127.55,0.10,0.20,6.90,33.36,29.38
2,401.19,0.26,0.68,127.55,0.10,0.25,6.90,33.36,46.06
2,401.19,0.26,0.81,127.55,0.10,0.30,6.90,33.36,62.74
3,401.19,0.26,0.37,127.55,0.10,0.14,6.90,33.36,87.37
3,401.19,0.26,0.24,127.55,0.10,0.09,6.90,33.36,70.69
3,401.19,0.26,0.11,127.55,0.10,0.04,6.90,33.36,54.01
3,401.19,0.26,0.02,127.55,0.10,0.01,6.90,33.36,37.33
3,401.19,0.26,0.15,127.55,0.10,0.06,6.90,33.36,20.65
3,401.19,0.26,0.28,127.55,0.10,0.10,6.90,33.36,3.97
3,401.19,0.26,0.42,127.55,0.10,0.15,6.90,33.36,12.71
3,401.19,0.26,0.55,127.55,0.10,0.20,6.90,33.36,29.38
3,401.19,0.26,0.68,127.55,0.10,0.25,6.90,33.36,46.06
3,401.19,0.26,0.81,127.55,0.10,0.30,6.90,33.36,62.74
4,192.83,3.93,5.97,61.45,1.37,2.08,55.20,27.08,77.92
4,192.83,3.93,4.00,61.45,1.37,1.39,55.20,27.08,64.38
4,192.83,3.93,2.04,61.45,1.37,0.71,55.20,27.08,50.84
4,192.83,3.93,0.07,61.45,1.37,0.03,55.20,27.08,37.30
4,192.83,3.93,1.89,61.45,1.37,0.66,55.20,27.08,23.76
4,192.83,3.93,3.86,61.45,1.37,1.34,55.20,27.08,10.22
4,192.83,3.93,5.82,61.45,1.37,2.03,55.20,27.08,3.33
4,192.83,3.93,7.79,61.45,1.37,2.71,55.20,27.08,16.87
4,192.83,3.93,9.75,61.45,1.37,3.40,55.20,27.08,30.41
4,192.83,3.93,11.72,61.45,1.37,4.08,55.20,27.08,43.95
5,142.71,10.78,19.82,44.03,3.71,6.85,32.98,18.02,26.28
5,142.71,10.78,15.63,44.03,3.71,5.41,32.98,18.02,19.27
5,142.71,10.78,11.44,44.03,3.71,3.97,32.98,18.02,12.26
5,142.71,10.78,7.24,44.03,3.71,2.53,32.98,18.02,5.25
5,142.71,10.78,3.05,44.03,3.71,1.09,32.98,18.02,1.76
5,142.71,10.78,1.14,44.03,3.71,0.36,32.98,18.02,8.76
5,142.71,10.78,5.34,44.03,3.71,1.80,32.98,18.02,15.77
5,142.71,10.78,9.53,44.03,3.71,3.24,32.98,18.02,22.78
5,142.71,10.78,13.72,44.03,3.71,4.68,32.98,18.02,29.79
5,142.71,10.78,17.92,44.03,3.71,6.13,32.98,18.02,36.80
6,296.05,0.69,1.41,90.97,0.23,0.49,3.48,33.94,56.76
6,296.05,0.69,1.14,90.97,0.23,0.40,3.48,33.94,43.56
6,296.05,0.69,0.88,90.97,0.23,0.31,3.48,33.94,30.37
6,296.05,0.69,0.61,90.97,0.23,0.22,3.48,33.94,17.17
6,296.05,0.69,0.34,90.97,0.23,0.13,3.48,33.94,3.97
6,296.05,0.69,0.07,90.97,0.23,0.04,3.48,33.94,9.23
6,296.05,0.69,0.19,90.97,0.23,0.05,3.48,33.94,22.43
6,296.05,0.69,0.46,90.97,0.23,0.14,3.48,33.94,35.63
6,296.05,0.69,0.73,90.97,0.23,0.23,3.48,33.94,48.82
6,296.05,0.69,0.99,90.97,0.23,0.32,3.48,33.94,62.02
7,296.05,0.69,1.41,90.97,0.23,0.49,3.48,33.94,56.76
7,296.05,0.69,1.14,90.97,0.23,0.40,3.48,33.94,43.56
7,296.05,0.69,0.88,90.97,0.23,0.31,3.48,33.94,30.37
7,296.05,0.69,0.61,90.97,0.23,0.22,3.48,33.94,17.17
7,296.05,0.69,0.34,90.97,0.23,0.13,3.48,33.94,3.97
7,296.05,0.69,0.07,90.97,0.23,0.04,3.48,33.94,9.23
7,296.05,0.69,0.19,90.97,0.23,0.05,3.48,33.94,22.43
7,296.05,0.69,0.46,90.97,0.23,0.14,3.48,33.94,35.63
7,296.05,0.69,0.73,90.97,0.23,0.23,3.48,33.94,48.82
7,296.05,0.69,0.99,90.97,0.23,0.32,3.48,33.94,62.02
8,142.71,10.78,19.82,44.03,3.71,6.85,32.98,18.02,26.28
8,142.71,10.78,15.63,44.03,3.71,5.41,32.98,18.02,19.27
8,142.71,10.78,11.44,44.03,3.71,3.97,32.98,18.02,12.26
8,142.71,10.78,7.24,44.03,3.71,2.53,32.98,18.02,5.25
8,142.71,10.78,3.05,44.03,3.71,1.09,32.98,18.02,1.76
8,142.71,10.78,1.14,44.03,3.71,0.36,32.98,18.02,8.76
8,142.71,10.78,5.34,44.03,3.71,1.80,32.98,18.02,15.77
8,142.71,10.78,9.53,44.03,3.71,3.24,32.98,18.02,22.78
8,142.71,10.78,13.72,44.03,3.71,4.68,32.98,18.02,29.79
8,142.71,10.78,17.92,44.03,3.71,6.13,32.98,18.02,36.80
9,91.93,9.21,16.30,26.37,3.37,5.78,15.49,13.64,17.68
9,91.93,9.21,12.72,26.37,3.37,4.47,15.49,13.64,12.37
9,91.93,9.21,9.14,26.37,3.37,3.16,15.49,13.64,7.06
9,91.93,9.21,5.56,26.37,3.37,1.85,15.49,13.64,1.76
9,91.93,9.21,1.98,26.37,3.37,0.54,15.49,13.64,3.55
9,91.93,9.21,1.60,26.37,3.37,0.77,15.49,13.64,8.85
9,91.93,9.21,5.18,26.37,3.37,2.08,15.49,13.64,14.16
9,91.93,9.21,8.76,26.37,3.37,3.39,15.49,13.64,19.47
9,91.93,9.21,12.34,26.37,3.37,4.70,15.49,13.64,24.77
9,91.93,9.21,15.92,26.37,3.37,6.01,15.49,13.64,30.08
10,191.58,0.04,0.17,54.63,0.09,0.14,1.68,23.14,35.52
10,191.58,0.04,0.16,54.63,0.09,0.11,1.68,23.14,26.52
10,191.58,0.04,0.14,54.63,0.09,0.07,1.68,23.14,17.53
10,191.58,0.04,0.13,54.63,0.09,0.04,1.68,23.14,8.53
10,191.58,0.04,0.11,54.63,0.09,0.00,1.68,23.14,0.47
10,191.58,0.04,0.10,54.63,0.09,0.03,1.68,23.14,9.46
10,191.58,0.04,0.08,54.63,0.09,0.07,1.68,23.14,18.46
10,191.58,0.04,0.07,54.63,0.09,0.11,1.68,23.14,27.46
10,191.58,0.04,0.05,54.63,0.09,0.14,1.68,23.14,36.46
10,191.58,0.04,0.04,54.63,0.09,0.18,1.68,23.14,45.45
11,191.58,0.04,0.17,54.63,0.09,0.14,1.68,23.14,35.52
11,191.58,0.04,0.16,54.63,0.09,0.11,1.68,23.14,26.52
11,191.58,0.04,0.14,54.63,0.09,0.07,1.68,23.14,17.53
11,191.58,0.04,0.13,54.63,0.09,0.04,1.68,23.14,8.53
11,191.58,0.04,0.11,54.63,0.09,0.00,1.68,23.14,0.47
11,191.58,0.04,0.10,54.63,0.09,0.03,1.68,23.14,9.46
11,191.58,0.04,0.08,54.63,0.09,0.07,1.68,23.14,18.46
11,191.58,0.04,0.07,54.63,0.09,0.11,1.68,23.14,27.46
11,191.58,0.04,0.05,54.63,0.09,0.14,1.68,23.14,36.46
11,191.58,0.04,0.04,54.63,0.09,0.18,1.68,23.14,45.45
12,91.93,9.21,16.30,26.37,3.37,5.78,15.49,13.64,17.68
12,91.93,9.21,12.72,26.37,3.37,4.47,15.49,13.64,12.37
12,91.93,9.21,9.14,26.37,3.37,3.16,15.49,13.64,7.06
12,91.93,9.21,5.56,26.37,3.37,1.85,15.49,13.64,1.76
12,91.93,9.21,1.98,26.37,3.37,0.54,15.49,13.64,3.55
12,91.93,9.21,1.60,26.37,3.37,0.77,15.49,13.64,8.85
12,91.93,9.21,5.18,26.37,3.37,2.08,15.49,13.64,14.16
12,91.93,9.21,8.76,26.37,3.37,3.39,15.49,13.64,19.47
12,91.93,9.21,12.34,26.37,3.37,4.70,15.49,13.64,24.77
12,91.93,9.21,15.92,26.37,3.37,6.01,15.49,13.64,30.08
13,40.96,12.18,19.05,8.74,3.20,5.75,4.64,5.30,3.73
13,40.96,12.18,14.31,8.74,3.20,4.51,4.64,5.30,1.67
13,40.96,12.18,9.58,8.74,3.20,3.27,4.64,5.30,0.39
13,40.96,12.18,4.84,8.74,3.20,2.03,4.64,5.30,2.45
13,40.96,12.18,0.10,8.74,3.20,0.78,4.64,5.30,4.52
13,40.96,12.18,4.63,8.74,3.20,0.46,4.64,5.30,6.58
13,40.96,12.18,9.37,8.74,3.20,1.70,4.64,5.30,8.64
13,40.96,12.18,14.10,8.74,3.20,2.94,4.64,5.30,10.70
13,40.96,12.18,18.84,8.74,3.20,4.19,4.64,5.30,12.76
13,40.96,12.18,23.57,8.74,3.20,5.43,4.64,5.30,14.82
14,87.30,0.78,0.93,18.26,0.13,0.24,0.65,11.51,15.23
14,87.30,0.78,0.63,18.26,0.13,0.19,0.65,11.51,10.76
14,87.30,0.78,0.32,18.26,0.13,0.14,0.65,11.51,6.29
14,87.30,0.78,0.02,18.26,0.13,0.09,0.65,11.51,1.81
14,87.30,0.78,0.29,18.26,0.13,0.04,0.65,11.51,2.66
14,87.30,0.78,0.59,18.26,0.13,0.02,0.65,11.51,7.14
14,87.30,0.78,0.90,18.26,0.13,0.07,0.65,11.51,11.61
14,87.30,0.78,1.20,18.26,0.13,0.12,0.65,11.51,16.09
14,87.30,0.78,1.51,18.26,0.13,0.17,0.65,11.51,20.56
14,87.30,0.78,1.81,18.26,0.13,0.22,0.65,11.51,25.04
15,87.30,0.78,0.93,18.26,0.13,0.24,0.65,11.51,15.23
15,87.30,0.78,0.63,18.26,0.13,0.19,0.65,11.51,10.76
15,87.30,0.78,0.32,18.26,0.13,0.14,0.65,11.51,6.29
15,87.30,0.78,0.02,18.26,0.13,0.09,0.65,11.51,1.81
15,87.30,0.78,0.29,18.26,0.13,0.04,0.65,11.51,2.66
15,87.30,0.78,0.59,18.26,0.13,0.02,0.65,11.51,7.14
15,87.30,0.78,0.90,18.26,0.13,0.07,0.65,11.51,11.61
15,87.30,0.78,1.20,18.26,0.13,0.12,0.65,11.51,16.09
15,87.30,0.78,1.51,18.26,0.13,0.17,0.65,11.51,20.56
15,87.30,0.78,1.81,18.26,0.13,0.22,0.65,11.51,25.04
16,40.96,12.18,19.05,8.74,3.20,5.75,4.64,5.30,3.73
16,40.96,12.18,14.31,8.74,3.20,4.51,4.64,5.30,1.67
16,40.96,12.18,9.58,8.74,3.20,3.27,4.64,5.30,0.39
16,40.96,12.18,4.84,8.74,3.20,2.03,4.64,5.30,2.45
16,40.96,12.18,0.10,8.74,3.20,0.78,4.64,5.30,4.52
16,40.96,12.18,4.63,8.74,3.20,0.46,4.64,5.30,6.58
16,40.96,12.18,9.37,8.74,3.20,1.70,4.64,5.30,8.64
16,40.96,12.18,14.10,8.74,3.20,2.94,4.64,5.30,10.70
16,40.96,12.18,18.84,8.74,3.20,4.19,4.64,5.30,12.76
16,40.96,12.18,23.57,8.74,3.20,5.43,4.64,5.30,14.82
101,6.85,24.24,31.54,2.34,8.42,10.94,4.85,22.22,70.23
101,6.85,24.24,15.38,2.34,8.42,5.32,4.85,22.22,55.41
101,6.85,24.24,0.77,2.34,8.42,0.29,4.85,22.22,40.60
101,6.85,24.24,16.93,2.34,8.42,5.90,4.85,22.22,25.78
101,6.85,24.24,33.09,2.34,8.42,11.52,4.85,22.22,10.97
101,6.85,27.51,32.00,2.34,9.58,11.13,4.82,22.22,3.85
101,6.85,27.51,13.66,2.34,9.58,4.75,4.82,22.22,18.66
101,6.85,27.51,4.68,2.34,9.58,1.64,4.82,22.22,33.47
101,6.85,27.51,23.02,2.34,9.58,8.03,4.82,22.22,48.29
101,6.85,27.51,41.37,2.34,9.58,14.41,4.82,22.22,63.10
102,6.43,25.88,39.15,2.20,9.00,13.62,0.01,18.80,56.40
102,6.43,25.88,21.90,2.20,9.00,7.62,0.01,18.80,43.87
102,6.43,25.88,4.65,2.20,9.00,1.62,0.01,18.80,31.34
102,6.43,25.88,12.60,2.20,9.00,4.38,0.01,18.80,18.80
102,6.43,25.88,29.85,2.20,9.00,10.38,0.01,18.80,6.27
102,6.43,25.88,29.85,2.20,9.00,10.38,0.01,18.80,6.27
102,6.43,25.88,12.60,2.20,9.00,4.38,0.01,18.80,18.80
102,6.43,25.88,4.65,2.20,9.00,1.62,0.01,18.80,31.34
102,6.43,25.88,21.90,2.20,9.00,7.62,0.01,18.80,43.87
102,6.43,25.88,39.15,2.20,9.00,13.62,0.01,18.80,56.40
103,6.85,27.51,41.37,2.34,9.58,14.41,4.82,22.22,63.10
103,6.85,27.51,23.02,2.34,9.58,8.03,4.82,22.22,48.29
103,6.85,27.51,4.68,2.34,9.58,1.64,4.82,22.22,33.47
103,6.85,27.51,13.66,2.34,9.58,4.75,4.82,22.22,18.66
103,6.85,27.51,32.00,2.34,9.58,11.13,4.82,22.22,3.85
103,6.85,24.24,33.09,2.34,8.42,11.52,4.85,22.22,10.97
103,6.85,24.24,16.93,2.34,8.42,5.90,4.85,22.22,25.78
103,6.85,24.24,0.77,2.34,8.42,0.29,4.85,22.22,40.60
103,6.85,24.24,15.38,2.34,8.42,5.32,4.85,22.22,55.41
103,6.85,24.24,31.54,2.34,8.42,10.94,4.85,22.22,70.23
104,1.58,24.90,34.22,0.34,8.65,11.90,3.17,17.49,54.47
104,1.58,24.90,17.62,0.34,8.65,6.13,3.17,17.49,42.81
104,1.58,24.90,1.02,0.34,8.65,0.36,3.17,17.49,31.15
104,1.58,24.90,15.58,0.34,8.65,5.40,3.17,17.49,19.49
104,1.58,24.90,32.18,0.34,8.65,11.17,3.17,17.49,7.83
104,1.58,26.85,31.53,0.34,9.35,10.94,3.21,17.49,3.83
104,1.58,26.85,13.63,0.34,9.35,4.71,3.21,17.49,15.49
104,1.58,26.85,4.27,0.34,9.35,1.52,3.21,17.49,27.15
104,1.58,26.85,22.17,0.34,9.35,7.75,3.21,17.49,38.81
104,1.58,26.85,40.07,0.34,9.35,13.98,3.21,17.49,50.47
105,0.93,25.88,38.90,0.20,9.00,13.52,0.02,15.69,47.08
105,0.93,25.88,21.65,0.20,9.00,7.52,0.02,15.69,36.61
105,0.93,25.88,4.40,0.20,9.00,1.52,0.02,15.69,26.15
105,0.93,25.88,12.85,0.20,9.00,4.48,0.02,15.69,15.69
105,0.93,25.88,30.10,0.20,9.00,10.48,0.02,15.69,5.23
105,0.93,25.88,30.10,0.20,9.00,10.48,0.02,15.69,5.23
105,0.93,25.88,12.85,0.20,9.00,4.48,0.02,15.69,15.69
105,0.93,25.88,4.40,0.20,9.00,1.52,0.02,15.69,26.15
105,0.93,25.88,21.65,0.20,9.00,7.52,0.02,15.69,36.61
105,0.93,25.88,38.90,0.20,9.00,13.52,0.02,15.69,47.08
106,1.58,26.85,40.07,0.34,9.35,13.98,3.21,17.49,50.47
106,1.58,26.85,22.17,0.34,9.35,7.75,3.21,17.49,38.81
106,1.58,26.85,4.27,0.34,9.35,1.52,3.21,17.49,27.15
106,1.58,26.85,13.63,0.34,9.35,4.71,3.21,17.49,15.49
106,1.58,26.85,31.53,0.34,9.35,10.94,3.21,17.49,3.83
106,1.58,24.90,32.18,0.34,8.65,11.17,3.17,17.49,7.83
106,1.58,24.90,15.58,0.34,8.65,5.40,3.17,17.49,19.49
106,1.58,24.90,1.02,0.34,8.65,0.36,3.17,17.49,31.15
106,1.58,24.90,17.62,0.34,8.65,6.13,3.17,17.49,42.81
106,1.58,24.90,34.22,0.34,8.65,11.90,3.17,17.49,54.47
107,2.97,25.09,34.97,0.17,8.63,11.77,1.58,10.84,33.80
107,2.97,25.09,18.24,0.17,8.63,6.01,1.58,10.84,26.57
107,2.97,25.09,1.51,0.17,8.63,0.25,1.58,10.84,19.34
107,2.97,25.09,15.21,0.17,8.63,5.50,1.58,10.84,12.11
107,2.97,25.09,31.94,0.17,8.63,11.26,1.58,10.84,4.88
107,2.97,26.66,31.42,0.17,9.37,11.02,1.64,10.84,2.35
107,2.97,26.66,13.65,0.17,9.37,4.77,1.64,10.84,9.58
107,2.97,26.66,4.12,0.17,9.37,1.47,1.64,10.84,16.80
107,2.97,26.66,21.89,0.17,9.37,7.71,1.64,10.84,24.03
107,2.97,26.66,39.67,0.17,9.37,13.96,1.64,10.84,31.26
108,2.23,25.88,38.77,0.21,9.00,13.54,0.03,9.81,29.42
108,2.23,25.88,21.52,0.21,9.00,7.54,0.03,9.81,22.89
108,2.23,25.88,4.27,0.21,9.00,1.54,0.03,9.81,16.35
108,2.23,25.88,12.98,0.21,9.00,4.46,0.03,9.81,9.81
108,2.23,25.88,30.23,0.21,9.00,10.46,0.03,9.81,3.27
108,2.23,25.88,30.23,0.21,9.00,10.46,0.03,9.81,3.27
108,2.23,25.88,12.98,0.21,9.00,4.46,0.03,9.81,9.81
108,2.23,25.88,4.27,0.21,9.00,1.54,0.03,9.81,16.35
108,2.23,25.88,21.52,0.21,9.00,7.54,0.03,9.81,22.89
108,2.23,25.88,38.77,0.21,9.00,13.54,0.03,9.81,29.42
109,2.97,26.66,39.67,0.17,9.37,13.96,1.64,10.84,31.26
109,2.97,26.66,21.89,0.17,9.37,7.71,1.64,10.84,24.03
109,2.97,26.66,4.12,0.17,9.37,1.47,1.64,10.84,16.80
109,2.97,26.66,13.65,0.17,9.37,4.77,1.64,10.84,9.58
109,2.97,26.66,31.42,0.17,9.37,11.02,1.64,10.84,2.35
109,2.97,25.09,31.94,0.17,8.63,11.26,1.58,10.84,4.88
109,2.97,25.09,15.21,0.17,8.63,5.50,1.58,10.84,12.11
109,2.97,25.09,1.51,0.17,8.63,0.25,1.58,10.84,19.34
109,2.97,25.09,18.24,0.17,8.63,6.01,1.58,10.84,26.57
109,2.97,25.09,34.97,0.17,8.63,11.77,1.58,10.84,33.80
110,12.18,19.58,23.57,3.20,4.24,5.43,3.04,4.64,14.82
110,12.18,19.58,10.52,3.20,4.24,2.60,3.04,4.64,11.72
110,12.18,19.58,2.53,3.20,4.24,0.22,3.04,4.64,8.63
110,12.18,19.58,15.58,3.20,4.24,3.05,3.04,4.64,5.53
110,12.18,19.58,28.63,3.20,4.24,5.87,3.04,4.64,2.44
110,12.18,23.17,27.44,3.20,4.76,5.70,3.10,4.64,0.66
110,12.18,23.17,11.99,3.20,4.76,2.52,3.10,4.64,3.76
110,12.18,23.17,3.46,3.20,4.76,0.65,3.10,4.64,6.85
110,12.18,23.17,18.91,3.20,4.76,3.82,3.10,4.64,9.95
110,12.18,23.17,34.36,3.20,4.76,7.00,3.10,4.64,13.04
111,11.39,21.38,32.55,3.06,4.50,6.78,0.03,4.00,11.99
111,11.39,21.38,18.30,3.06,4.50,3.78,0.03,4.00,9.33
111,11.39,21.38,4.05,3.06,4.50,0.78,0.03,4.00,6.66
111,11.39,21.38,10.20,3.06,4.50,2.22,0.03,4.00,4.00
111,11.39,21.38,24.45,3.06,4.50,5.22,0.03,4.00,1.33
111,11.39,21.37,24.45,3.06,4.50,5.22,0.03,4.00,1.33
111,11.39,21.37,10.20,3.06,4.50,2.22,0.03,4.00,4.00
111,11.39,21.37,4.05,3.06,4.50,0.78,0.03,4.00,6.66
111,11.39,21.37,18.30,3.06,4.50,3.78,0.03,4.00,9.33
111,11.39,21.37,32.55,3.06,4.50,6.78,0.03,4.00,11.99
112,12.18,23.17,34.36,3.20,4.76,7.00,3.10,4.64,13.04
112,12.18,23.17,18.91,3.20,4.76,3.82,3.10,4.64,9.95
112,12.18,23.17,3.46,3.20,4.76,0.65,3.10,4.64,6.85
112,12.18,23.17,11.99,3.20,4.76,2.52,3.10,4.64,3.76
112,12.18,23.17,27.44,3.20,4.76,5.70,3.10,4.64,0.66
112,12.18,19.58,28.63,3.20,4.24,5.87,3.04,4.64,2.44
112,12.18,19.58,15.58,3.20,4.24,3.05,3.04,4.64,5.53
112,12.18,19.58,2.53,3.20,4.24,0.22,3.04,4.64,8.63
112,12.18,19.58,10.52,3.20,4.24,2.60,3.04,4.64,11.72
112,12.18,19.58,23.57,3.20,4.24,5.43,3.04,4.64,14.82
