Section,G_kg_m,h_mm,b_mm,tw_mm,tf_mm,A_cm2,Iy_cm4,Wely_cm3,Wply_cm3,iy_cm,Avz_cm2
HE100A,16.7,96.0,100.0,5.0,8.0,21.2,349.2,72.8,83.0,4.1,7.6
HE100B,20.4,100.0,100.0,6.0,10.0,26.0,449.5,89.9,104.2,4.2,9.0
HE100M,41.8,120.0,106.0,12.0,20.0,53.2,1143.0,190.4,235.8,4.6,18.0
HE120A,19.9,114.0,120.0,5.0,8.0,25.3,606.2,106.3,119.5,4.9,8.5
HE120B,26.7,120.0,120.0,6.5,11.0,34.0,864.4,144.1,165.2,5.0,11.0
HE120M,52.1,140.0,126.0,12.5,21.0,66.4,2018.0,288.2,350.6,5.5,21.2
HE140A,24.7,133.0,140.0,5.5,8.5,31.4,1033.0,155.4,173.5,5.7,10.1
HE140B,33.7,140.0,140.0,7.0,12.0,43.0,1509.0,215.6,245.4,5.9,13.1
HE140M,63.2,160.0,146.0,13.0,22.0,80.6,3291.0,411.4,493.8,6.4,24.5
HE160A,30.4,152.0,160.0,6.0,9.0,38.8,1673.0,220.1,245.1,6.6,13.2
HE160B,42.6,160.0,160.0,8.0,13.0,54.3,2492.0,311.5,354.0,6.8,17.6
HE160M,76.2,180.0,166.0,14.0,23.0,97.1,5098.0,566.5,674.6,7.3,30.8
HE180A,35.5,171.0,180.0,6.0,9.5,45.3,2510.0,293.6,324.9,7.5,14.5
HE180B,51.2,180.0,180.0,8.5,14.0,65.3,3831.0,425.7,481.4,7.7,20.2
HE180M,88.9,200.0,186.0,14.5,24.0,113.3,7483.0,748.3,883.4,8.1,34.7
HE200A,42.3,190.0,200.0,6.5,10.0,53.8,3692.0,388.6,429.5,8.3,18.1
HE200B,61.3,200.0,200.0,9.0,15.0,78.1,5696.0,569.6,642.5,8.5,24.8
HE200M,103.0,220.0,206.0,15.0,25.0,131.3,10640.0,967.4,1135.0,9.0,41.0
HE220A,50.5,210.0,220.0,7.0,11.0,64.3,5410.0,515.2,568.5,9.2,20.7
HE220B,71.5,220.0,220.0,9.5,16.0,91.0,8091.0,735.5,827.0,9.4,27.9
HE220M,117.0,240.0,226.0,15.5,26.0,149.4,14600.0,1217.1,1419.0,9.9,45.3
HE240A,60.3,230.0,240.0,7.5,12.0,76.8,7763.0,675.1,744.6,10.1,25.2
HE240B,83.2,240.0,240.0,10.0,17.0,106.0,11260.0,938.3,1053.0,10.3,33.2
HE240M,157.0,270.0,248.0,18.0,32.0,199.6,24290.0,1799.2,2117.0,11.0,60.1
HE260A,68.2,250.0,260.0,7.5,12.5,86.8,10450.0,836.4,919.8,11.0,28.8
HE260B,93.0,260.0,260.0,10.0,17.5,118.4,14920.0,1147.6,1283.0,11.2,37.6
HE260M,172.0,290.0,268.0,18.0,32.5,219.6,31310.0,2159.1,2524.0,11.9,66.9
HE280A,76.4,270.0,280.0,8.0,13.0,97.3,13670.0,1012.8,1112.0,11.9,31.7
HE280B,103.0,280.0,280.0,10.5,18.0,131.4,19270.0,1376.4,1534.0,12.1,41.1
HE280M,189.0,310.0,288.0,18.5,33.0,240.2,39550.0,2551.4,2966.0,12.8,72.0
HE300A,88.3,290.0,300.0,8.5,14.0,112.5,18260.0,1259.5,1383.0,12.7,37.3
HE300B,117.0,300.0,300.0,11.0,19.0,149.1,25170.0,1677.7,1869.0,13.0,47.4
HE300M,238.0,340.0,310.0,21.0,39.0,303.1,59200.0,3482.4,4078.0,14.0,90.5
HE320A,97.6,310.0,300.0,9.0,15.5,124.4,22930.0,1479.3,1628.0,13.6,41.1
HE320B,127.0,320.0,300.0,11.5,20.5,161.3,30820.0,1926.5,2149.0,13.8,51.8
HE320M,245.0,359.0,309.0,21.0,40.0,312.0,68130.0,3795.8,4435.0,14.8,94.9
HE340A,105.0,330.0,300.0,9.5,16.5,133.5,27690.0,1678.4,1850.0,14.4,45.0
HE340B,134.0,340.0,300.0,12.0,21.5,170.9,36660.0,2156.3,2408.0,14.6,56.1
HE340M,248.0,377.0,309.0,21.0,40.0,315.8,76370.0,4051.5,4718.0,15.6,98.6
HE360A,112.0,350.0,300.0,10.0,17.5,142.8,33090.0,1890.8,2088.0,15.2,49.0
HE360B,142.0,360.0,300.0,12.5,22.5,180.6,43190.0,2399.6,2683.0,15.5,60.6
HE360M,250.0,395.0,308.0,21.0,40.0,318.8,84870.0,4297.1,4989.0,16.3,102.4
HE400A,125.0,390.0,300.0,11.0,19.0,159.0,45070.0,2311.2,2562.0,16.8,57.3
HE400B,155.0,400.0,300.0,13.5,24.0,197.8,57680.5,2884.0,3232.0,17.1,70.0
HE400M,256.0,432.0,307.0,21.0,40.0,325.8,104100.0,4820.3,5571.0,17.9,110.2
HE450A,140.0,440.0,300.0,11.5,21.0,178.0,63720.0,2896.4,3216.0,18.9,65.8
HE450B,171.0,450.0,300.0,14.0,26.0,218.0,79890.0,3550.6,3982.0,19.1,79.7
HE450M,263.0,478.0,307.0,21.0,40.0,335.4,131500.0,5501.4,6331.0,19.8,119.8
HE500A,155.0,490.0,300.0,12.0,23.0,197.5,86970.0,3550.0,3949.0,21.0,74.7
HE500B,187.0,500.0,300.0,14.5,28.0,238.6,107200.0,4287.0,4815.0,21.2,89.8
HE500M,270.0,524.0,306.0,21.0,40.0,344.3,161900.0,6180.5,7094.0,21.7,129.5
HE550A,166.0,540.0,300.0,12.5,24.0,211.8,111900.0,4145.6,4622.0,23.0,83.7
HE550B,199.0,550.0,300.0,15.0,29.0,254.1,136700.0,4970.6,5591.0,23.2,100.1
HE550M,278.0,572.0,306.0,21.0,40.0,354.4,198000.0,6922.5,7933.0,23.6,139.6
HE600A,178.0,590.0,300.0,13.0,25.0,226.5,141200.0,4786.7,5350.0,25.0,93.2
HE600B,212.0,600.0,300.0,15.5,30.0,270.0,171000.0,5701.4,6425.0,25.2,110.8
HE600M,285.0,620.0,305.0,21.0,40.0,363.7,237400.0,7660.0,8772.0,25.6,149.7
HE650A,190.0,640.0,300.0,13.5,26.0,241.6,175200.0,5474.3,6136.0,26.9,103.2
HE650B,225.0,650.0,300.0,16.0,31.0,286.3,210600.0,6480.0,7320.0,27.1,122.0
HE650M,293.0,668.0,305.0,21.0,40.0,373.7,281700.0,8433.2,9657.0,27.5,159.7
HE700A,204.0,690.0,300.0,14.5,27.0,260.5,215300.0,6240.6,7032.0,28.8,117.0
HE700B,241.0,700.0,300.0,17.0,32.0,306.4,256900.0,7339.7,8327.0,29.0,137.1
HE700M,301.0,716.0,304.0,21.0,40.0,383.0,329300.0,9197.7,10540.0,29.3,169.8
HE800A,224.0,790.0,300.0,15.0,28.0,285.8,303400.0,7682.1,8699.0,32.6,138.8
HE800B,262.0,800.0,300.0,17.5,33.0,334.2,359100.0,8977.1,10230.0,32.8,161.8
HE800M,317.0,814.0,303.0,21.0,40.0,404.3,442600.0,10870.0,12490.0,33.1,194.3
HE900A,252.0,890.0,300.0,16.0,30.0,320.5,422100.0,9484.8,10810.0,36.3,163.3
HE900B,291.0,900.0,300.0,18.5,35.0,371.3,494100.0,10980.0,12580.0,36.5,188.8
HE900M,333.0,910.0,302.0,21.0,40.0,423.6,570400.0,12540.0,14440.0,36.7,214.4
HE1000A,272.0,990.0,300.0,16.5,31.0,346.8,553800.0,11190.0,12820.0,40.0,184.6
HE1000B,314.0,1000.0,300.0,19.0,36.0,400.0,644700.0,12890.0,14860.0,40.2,212.5
HE1000M,349.0,1008.0,302.0,21.0,40.0,444.2,722300.0,14330.0,16570.0,40.3,235.0
IPE120,10.4,120.0,64.0,4.4,6.3,13.2,317.8,53.0,60.7,4.9,6.3
IPE140,12.9,140.0,73.0,4.7,6.9,16.4,541.2,77.3,88.3,5.7,7.6
IPE160,15.8,160.0,82.0,5.0,7.4,20.1,869.3,108.7,123.9,6.6,9.7
IPE180,18.8,180.0,91.0,5.3,8.0,23.9,1317.0,146.3,166.4,7.4,11.3
IPE200,22.4,200.0,100.0,5.6,8.5,28.5,1943.0,194.3,220.6,8.3,14.0
IPE220,26.2,220.0,110.0,5.9,9.2,33.4,2772.0,252.0,285.4,9.1,15.9
IPE240,30.7,240.0,120.0,6.2,9.8,39.1,3892.0,324.3,366.6,10.0,19.1
IPE270,36.1,270.0,135.0,6.6,10.2,45.9,5790.0,428.9,484.0,11.2,22.1
IPE300,42.2,300.0,150.0,7.1,10.7,53.8,8356.0,557.1,628.4,12.5,25.7
IPE330,49.1,330.0,160.0,7.5,11.5,62.6,11770.0,713.1,804.3,13.7,30.8
IPE360,57.1,360.0,170.0,8.0,12.7,72.7,16270.0,903.6,1019.0,15.0,35.1
IPE400,66.3,400.0,180.0,8.6,13.5,84.5,23130.0,1160.0,1307.0,16.6,42.7
IPE450,77.6,450.0,190.0,9.4,14.6,98.8,33740.0,1500.0,1702.0,18.5,50.9
IPE500,90.7,500.0,200.0,10.2,16.0,116.0,48200.0,1930.0,2194.0,20.4,59.9
IPE550,106.0,550.0,210.0,11.1,17.2,134.0,67120.0,2440.0,2787.0,22.4,72.3
IPE600,122.0,600.0,220.0,12.0,19.0,156.0,92080.0,3070.0,3512.0,24.3,83.8
