1.7915e-02
1.7973e-02
1.8030e-02
1.8087e-02
1.8143e-02
1.8198e-02
1.8249e-02
1.8302e-02
1.8350e-02
1.8398e-02
1.8442e-02
1.8497e-02
1.8534e-02
1.8551e-02
1.8561e-02
1.8583e-02
1.8609e-02
1.8678e-02
1.8682e-02
1.8570e-02
1.8415e-02
1.8376e-02
1.8562e-02
1.8753e-02
1.8601e-02
1.8202e-02
1.7828e-02
1.7715e-02
1.7846e-02
1.8331e-02
1.8308e-02
1.7838e-02
1.7320e-02
1.6623e-02
1.6655e-02
1.7888e-02
1.7787e-02
1.5153e-02
1.2682e-02
1.5282e-02
1.8472e-02
1.6788e-02
1.3808e-02
1.3131e-02
1.2136e-02
1.2709e-02
1.5176e-02
1.5409e-02
1.0760e-02
3.8376e-03
4.5510e-03
1.2722e-02
1.7029e-02
1.0007e-02
-2.7290e-03
-9.9405e-03
-4.3688e-03
7.9386e-03
1.1251e-02
7.9872e-03
1.8430e-03
-4.3356e-03
-3.4261e-03
4.5446e-03
1.0450e-02
6.2625e-03
-3.0617e-03
-1.1113e-02
-1.0293e-02
1.0223e-03
9.3750e-03
2.5192e-03
-6.0763e-03
-2.0719e-03
-1.3748e-03
-1.4211e-02
-2.2452e-02
-2.1715e-02
-8.4191e-03
5.5107e-03
-4.8050e-04
-1.5138e-02
-2.8387e-02
-3.1468e-02
-2.0692e-02
-3.3851e-03
8.9663e-03
1.8449e-02
1.7107e-02
-4.5823e-03
-2.8656e-02
-4.6059e-02
-4.6383e-02
-2.7696e-02
-1.4481e-02
-1.0674e-02
-1.7941e-02
-3.8102e-02
-2.2967e-02
5.9775e-03
-3.1904e-03
-2.0074e-02
-1.2300e-02
-5.9149e-03
-2.7013e-02
-4.5103e-02
-3.7785e-02
-1.1584e-02
1.0214e-02
8.4201e-04
-2.1784e-02
-3.7169e-02
-3.5798e-02
-2.8787e-02
-3.2738e-02
-2.0456e-02
8.5073e-03
8.2142e-03
-2.6230e-02
-5.8323e-02
-5.6346e-02
-3.3170e-02
-3.2466e-03
1.3006e-02
4.8872e-03
-8.2115e-03
-1.1872e-02
-1.1333e-02
-2.4206e-02
-4.1796e-02
-4.1982e-02
-2.6506e-02
-9.6268e-03
4.9229e-03
-2.5985e-03
-1.5641e-02
-1.0841e-02
5.6285e-03
2.0333e-02
1.3259e-02
-2.3102e-02
-4.5923e-02
-3.2266e-02
-2.1416e-02
-2.3050e-02
-1.2469e-02
-5.9185e-04
3.4184e-03
-5.6386e-03
-3.1832e-02
-4.2208e-02
-3.3967e-02
-1.7896e-02
1.4132e-02
1.8691e-02
-2.6692e-02
-7.5536e-02
-7.1814e-02
-4.3732e-02
-3.3569e-02
-1.2638e-02
1.2956e-02
6.4660e-04
-1.7293e-02
4.4789e-03
5.1569e-02
4.8753e-02
-1.3882e-02
-5.2514e-02
-4.7799e-02
-5.2086e-02
-3.7299e-02
1.2010e-02
2.2435e-02
-1.1775e-02
-2.1362e-02
5.0075e-04
1.1630e-02
7.9245e-03
1.7110e-02
2.1233e-02
6.7817e-03
-5.2121e-03
-3.7142e-03
7.0995e-05
-1.0810e-02
-3.7530e-02
-5.2528e-02
-5.7586e-02
-3.5435e-02
1.2090e-02
2.7761e-02
5.9817e-03
-1.6423e-02
-1.5272e-02
-1.0755e-02
-1.4153e-02
-1.2507e-02
8.0695e-03
1.2285e-02
-2.1791e-03
-1.2951e-02
-1.8241e-02
-7.7003e-03
1.2076e-02
1.5664e-03
-3.1789e-02
-4.0197e-02
-1.3239e-02
2.7681e-02
3.4787e-02
1.3108e-02
-5.0166e-03
-1.7711e-02
-3.0189e-02
-1.3224e-02
1.9747e-02
1.7723e-02
-1.2102e-02
-3.3088e-02
-3.1942e-02
-4.1382e-03
3.2975e-02
3.2946e-02
4.6696e-03
-2.1012e-02
-2.6697e-02
-2.1339e-02
-1.0601e-02
-2.2973e-03
-9.3418e-03
-1.8583e-02
-8.3383e-03
1.2251e-02
4.4397e-03
-2.4288e-02
-2.0050e-02
2.8341e-02
5.8587e-02
4.0385e-02
4.2587e-03
-1.7435e-02
-1.3785e-02
-2.6142e-02
-2.3620e-02
2.0128e-02
3.1359e-02
4.3085e-03
-3.3242e-02
-5.3307e-02
-1.6667e-02
4.3852e-02
5.5851e-02
3.5651e-02
1.5755e-02
-4.3784e-03
-2.1746e-02
-2.6241e-02
-2.0362e-02
-1.1085e-02
3.2589e-03
1.1933e-02
-1.8761e-03
-1.5615e-02
4.3163e-03
2.4955e-02
3.2119e-02
3.7236e-02
3.8139e-02
2.1989e-02
-1.9190e-02
-4.8521e-02
-5.1543e-02
-3.2774e-02
9.3916e-03
3.1796e-02
9.5267e-03
-2.0949e-02
-2.6902e-02
-2.3065e-02
-9.8745e-03
3.5366e-02
6.2822e-02
2.4584e-02
-3.8418e-02
-6.5049e-02
-3.7612e-02
1.5929e-02
5.9603e-02
7.3098e-02
1.5997e-02
-4.6977e-02
-5.2587e-02
-1.4677e-02
5.8083e-02
8.1102e-02
3.6658e-03
-5.4914e-02
-3.4460e-02
2.6215e-02
7.5033e-02
4.4937e-02
-1.4827e-02
-1.5325e-02
7.7047e-03
-2.4856e-02
-6.4278e-02
-2.8938e-02
6.1861e-02
8.7144e-02
3.3203e-03
-6.8335e-02
-3.5506e-02
4.6708e-02
8.9256e-02
4.8649e-02
-2.5748e-02
-5.9199e-02
-5.9036e-02
-3.1912e-02
2.9059e-02
6.4080e-02
4.9814e-02
3.1112e-02
7.1824e-03
-1.3143e-03
9.5139e-03
2.3148e-02
4.0551e-02
3.7645e-02
-1.3954e-02
-5.8838e-02
-5.0240e-02
1.2320e-02
6.3772e-02
4.8370e-02
-1.3010e-02
-4.3167e-02
-1.8418e-02
1.8463e-02
3.2709e-02
4.8976e-02
6.6098e-02
2.0604e-02
-1.8737e-02
2.7341e-02
7.2369e-02
3.5303e-02
-3.4292e-02
-4.7231e-02
-5.3255e-03
5.4114e-02
6.7963e-02
1.8892e-02
-3.4685e-02
-2.4853e-02
6.3503e-02
1.7204e-01
1.7307e-01
6.1950e-02
-3.0891e-02
-5.3237e-02
-3.2608e-02
1.9071e-02
4.7987e-02
5.0522e-03
-5.8300e-02
-4.1659e-02
4.9867e-02
9.4893e-02
8.9314e-02
9.5661e-02
4.5305e-02
-5.2108e-02
-8.9831e-02
-1.8462e-02
1.2046e-01
1.4353e-01
2.4990e-03
-8.1841e-02
-4.3271e-02
3.4904e-02
1.4307e-01
1.3753e-01
-4.1925e-02
-1.7278e-01
-1.6310e-01
8.7921e-03
2.7043e-01
2.4692e-01
-2.4989e-02
-1.6581e-01
-1.0067e-01
-3.1079e-02
1.1802e-02
8.7658e-02
1.2142e-01
2.9042e-02
-1.3926e-01
-2.6487e-01
-1.3443e-01
9.7316e-02
1.8752e-01
1.2637e-01
-2.4819e-02
-1.1563e-01
-1.2685e-01
-6.7033e-02
9.4400e-02
1.9231e-01
9.6143e-02
-4.5523e-02
-6.4415e-02
3.8809e-02
1.9947e-01
2.9689e-01
2.7174e-01
1.8531e-01
1.5780e-01
1.7397e-01
1.9582e-01
2.1654e-01
2.3880e-01
1.6892e-01
-1.1920e-01
-3.4859e-01
-3.5602e-01
-2.6366e-01
-1.4244e-01
-4.6989e-03
5.2925e-02
4.6359e-03
-2.0443e-02
6.4243e-02
1.6403e-01
1.7891e-01
1.2543e-01
-3.0844e-03
-1.5359e-01
-2.1452e-01
-2.2455e-01
-2.0711e-01
-1.2873e-01
-7.4473e-02
-8.5489e-02
-8.0876e-02
-1.4734e-03
1.7567e-01
2.9688e-01
1.3417e-01
-1.3119e-01
-1.7265e-01
-3.7169e-03
1.6036e-01
1.7106e-01
6.5522e-02
-1.5643e-02
-3.4517e-03
2.6539e-02
5.3639e-02
1.0390e-01
1.0591e-01
2.9477e-02
-1.9953e-02
5.9393e-03
4.1762e-02
4.8414e-02
2.6761e-02
-2.1912e-02
-7.9701e-02
-1.2497e-01
-1.3633e-01
-1.0965e-01
-4.3008e-02
3.2638e-02
3.2732e-03
-1.1768e-01
-1.5266e-01
-1.1117e-01
-5.2558e-02
4.6864e-02
6.8560e-02
-2.7638e-02
-7.6669e-02
-1.4259e-02
1.0655e-01
2.2075e-01
1.7402e-01
-9.3140e-04
-1.0238e-01
-6.9606e-02
-1.5967e-02
2.4336e-02
5.6827e-02
8.6210e-02
9.4719e-02
7.5324e-02
5.0729e-02
5.2828e-02
7.3729e-02
6.8339e-02
3.2532e-02
1.8733e-02
3.5681e-02
6.1323e-02
8.7123e-02
9.3105e-02
6.2644e-02
5.2607e-02
6.5922e-02
6.1781e-02
2.2153e-02
-3.0869e-02
-8.4482e-02
-1.2452e-01
-1.6265e-01
-2.0940e-01
-1.8487e-01
-7.7345e-02
-1.3900e-02
-5.4741e-02
-1.4783e-01
-1.8575e-01
-1.3959e-01
-7.0819e-02
-2.4035e-02
-2.6119e-03
-6.3943e-03
-6.4113e-02
-9.2797e-02
-7.7477e-02
6.6455e-02
3.4448e-01
3.4342e-01
8.8639e-02
-7.8869e-02
-5.1803e-02
6.2705e-02
1.8356e-01
1.7666e-01
-2.4396e-02
-1.8079e-01
-7.9998e-02
1.0442e-01
1.2112e-01
3.5895e-02
-5.8550e-02
-1.4426e-01
-1.6531e-01
-1.5594e-01
-1.4865e-01
-1.3395e-01
-1.2856e-01
-1.2789e-01
-1.1253e-01
-7.4010e-02
-4.3658e-02
-3.2108e-02
-1.6868e-02
-2.7935e-03
8.3369e-03
2.3065e-02
5.4011e-02
7.2128e-02
4.4945e-02
-5.4718e-03
-3.1665e-02
-4.5738e-02
-3.3938e-02
6.3091e-02
1.6091e-01
1.3810e-01
5.5648e-02
1.2791e-02
-3.7251e-03
-4.4632e-02
-4.1164e-02
2.9282e-02
6.1689e-03
-1.2823e-01
-2.4498e-01
-2.7678e-01
-1.7953e-01
1.2263e-01
3.6857e-01
2.3136e-01
-8.5630e-02
-1.5224e-01
1.5079e-02
1.3971e-01
1.0002e-01
-2.6379e-02
-1.2822e-01
-2.0231e-01
-2.1763e-01
-9.9319e-02
8.8967e-02
1.5025e-01
1.3502e-02
-1.5763e-01
-1.3142e-01
-4.8687e-03
5.0942e-02
4.7303e-03
-7.7111e-02
-1.0419e-01
-6.4846e-02
4.4892e-03
7.5270e-02
1.2763e-01
1.1022e-01
6.0365e-02
7.7995e-02
1.3538e-01
1.1218e-01
-3.7362e-02
-1.2656e-01
-6.0431e-02
2.1913e-02
1.6967e-02
-3.4649e-02
-1.0542e-01
-1.3044e-01
-1.1136e-01
-8.3882e-02
-3.7811e-02
2.1304e-02
2.4268e-02
-6.7882e-02
-1.2558e-01
-8.5681e-02
-2.8810e-02
-1.9594e-02
-1.7768e-02
1.2286e-02
2.5505e-02
-1.8267e-03
3.4845e-02
1.3345e-01
1.9226e-01
1.7129e-01
1.0254e-01
2.1051e-02
-4.2058e-02
-5.3603e-02
-9.0588e-02
-1.2610e-01
-9.0590e-02
-5.4831e-02
-6.6992e-02
-7.4905e-02
-5.3314e-02
1.8516e-02
7.7398e-02
1.5173e-02
-7.9337e-02
-1.1405e-01
-1.3258e-01
-1.8975e-01
-2.1487e-01
-1.5478e-01
-1.0047e-01
-1.0929e-01
-1.0751e-01
-8.1373e-02
-7.3250e-02
-1.3080e-01
-1.7720e-01
-1.4397e-01
-3.7478e-02
1.4891e-01
3.1740e-01
3.2067e-01
2.2930e-01
1.5817e-01
9.8715e-02
6.3647e-02
6.0916e-02
7.5651e-02
1.0237e-01
1.0882e-01
9.3871e-02
6.9052e-02
8.6573e-02
1.9735e-01
3.0746e-01
2.6434e-01
7.4613e-02
-6.0053e-02
-5.0682e-02
-6.6394e-02
-1.3849e-01
-6.3059e-02
8.1948e-02
4.1822e-02
-1.5128e-01
-2.4953e-01
-2.2361e-01
-1.9780e-01
-1.8400e-01
-1.8872e-01
-2.4617e-01
-2.9357e-01
-2.6713e-01
-1.8607e-01
-4.9874e-02
4.4974e-02
-7.3941e-02
-2.7358e-01
-2.8272e-01
-8.3002e-02
6.2624e-02
7.3211e-02
1.1233e-02
-9.7966e-02
-2.4321e-01
-2.6041e-01
1.0735e-01
4.9124e-01
2.9590e-01
-9.4334e-02
-5.3946e-02
3.1184e-01
5.0835e-01
3.1327e-01
5.4728e-02
-6.2697e-02
-8.5626e-02
-5.0429e-02
3.7587e-02
2.2500e-01
3.4114e-01
2.8212e-01
2.1184e-01
2.0670e-01
1.4338e-01
4.0041e-02
2.1150e-02
1.5691e-02
-4.9652e-02
-1.3822e-01
-2.0334e-01
-2.0914e-01
-1.4983e-01
-7.2976e-02
-1.1146e-02
-1.5264e-02
-1.2407e-01
-1.8673e-01
-1.3372e-01
-5.2198e-02
-2.3802e-02
-6.2622e-02
-1.7308e-01
-2.9536e-01
-3.3648e-01
-2.6819e-01
-1.6867e-01
-9.9361e-02
-2.3418e-02
-1.1996e-02
-2.0422e-01
-3.3370e-01
-1.2466e-01
1.2617e-01
1.0092e-01
-4.5281e-02
-7.7400e-02
2.1248e-02
9.7681e-02
1.1581e-01
1.4948e-01
2.0774e-01
2.1538e-01
1.1857e-01
2.3902e-02
1.7898e-02
2.9401e-02
7.5873e-02
2.6955e-01
4.4170e-01
3.5381e-01
1.1733e-01
-4.4622e-02
-1.1951e-01
-1.0803e-01
8.4590e-04
8.3129e-02
3.5724e-02
-1.3170e-01
-2.7400e-01
-2.3939e-01
2.8481e-02
3.2184e-01
3.2952e-01
1.6259e-01
8.3232e-02
1.1632e-01
1.7816e-01
2.5933e-01
3.0549e-01
2.5904e-01
1.3470e-01
7.5338e-02
1.4357e-01
2.3581e-01
2.0579e-01
6.2382e-02
-4.8914e-02
-1.8882e-02
1.1581e-01
1.4510e-01
5.4064e-02
-4.8576e-02
2.9743e-03
2.0745e-01
2.7380e-01
1.7659e-01
8.3101e-02
2.5559e-02
-6.5068e-02
-1.0310e-01
3.7314e-02
1.8690e-01
1.0468e-01
-2.2107e-01
-4.7501e-01
-3.6673e-01
-1.3663e-01
-1.2069e-01
-2.2841e-01
-2.1423e-01
-1.0382e-01
-6.9240e-02
-9.5276e-02
-9.1838e-02
1.1008e-01
4.6403e-01
5.3693e-01
4.4669e-01
4.1400e-01
3.1524e-01
1.1998e-01
-5.1905e-02
-1.6659e-01
-2.1704e-01
-2.1602e-01
-1.8748e-01
-1.7920e-01
-2.1016e-01
-2.9121e-01
-3.3263e-01
-2.1549e-01
-6.8602e-03
5.4085e-02
-1.0343e-01
-2.2567e-01
-2.2191e-01
-2.4347e-01
-2.9034e-01
-2.7303e-01
-2.7407e-01
-3.8924e-01
-4.7141e-01
-4.3537e-01
-4.0470e-01
-4.5529e-01
-5.2059e-01
-5.3577e-01
-5.6127e-01
-6.4457e-01
-7.3245e-01
-7.1175e-01
-5.4225e-01
-1.9061e-01
1.7306e-01
3.8982e-02
-3.5732e-01
-3.5784e-01
4.1414e-02
2.7681e-01
2.2749e-01
9.0642e-02
-7.3532e-03
1.6373e-03
1.1442e-01
2.5048e-01
2.6471e-01
1.7606e-01
1.6653e-01
2.8802e-01
4.0530e-01
4.1092e-01
2.7616e-01
1.6809e-01
1.5499e-01
1.5066e-01
1.0380e-01
3.5913e-02
-6.2882e-03
1.9742e-02
1.2275e-01
2.0386e-01
1.9942e-01
1.2017e-01
-2.3056e-02
-8.5476e-02
-6.7224e-05
2.1663e-01
3.1750e-01
8.6826e-02
-1.0118e-01
3.9246e-02
2.7825e-01
2.9232e-01
1.0108e-01
-4.8368e-02
-8.2610e-02
-1.2069e-01
-1.3380e-01
-9.2723e-02
-8.8350e-02
-2.2687e-01
-4.3064e-01
-4.9718e-01
-4.7032e-01
-4.7883e-01
-5.3340e-01
-5.6111e-01
-4.1239e-01
-1.3226e-02
2.0589e-01
1.4217e-02
-1.6463e-01
-6.7549e-02
7.7276e-02
1.3573e-01
1.6919e-01
1.9995e-01
1.9125e-01
1.7208e-01
1.9380e-01
2.4957e-01
2.6109e-01
2.0402e-01
1.7563e-01
2.0924e-01
1.9274e-01
4.6862e-02
-1.0555e-01
-1.3488e-01
-1.2705e-01
-6.5240e-02
2.2737e-01
6.4189e-01
6.9834e-01
3.8757e-01
2.3820e-01
3.0571e-01
4.1000e-01
5.8027e-01
7.0031e-01
7.4053e-01
7.3365e-01
6.3610e-01
5.0422e-01
2.9754e-01
3.4924e-02
-2.2605e-02
1.4009e-01
2.8907e-01
3.3735e-01
2.3471e-01
8.7566e-02
6.7491e-02
9.7516e-02
6.8523e-02
1.3030e-02
-5.4244e-02
-1.8318e-01
-2.9736e-01
-3.7168e-01
-4.7204e-01
-5.9373e-01
-6.5635e-01
-5.8750e-01
-1.8730e-01
4.7162e-01
6.9951e-01
3.2328e-01
-1.0130e-03
3.7683e-02
6.4672e-02
-1.5051e-01
-3.6233e-01
-3.7266e-01
-2.9280e-01
-2.8503e-01
-3.6115e-01
-4.6872e-01
-5.5501e-01
-5.4386e-01
-4.6452e-01
-2.8823e-01
1.0580e-01
3.4783e-01
6.0470e-02
-2.7331e-01
-2.8684e-01
-1.2842e-02
1.8439e-01
1.3386e-02
-2.1377e-01
-3.3678e-02
4.9849e-01
6.1496e-01
2.7690e-01
-9.5947e-04
-1.6598e-02
1.6794e-01
3.5899e-01
3.7421e-01
2.6793e-01
1.3858e-01
5.2148e-02
3.6935e-02
1.2314e-01
2.7007e-01
2.3694e-01
8.6955e-02
7.2393e-02
1.7852e-01
2.2636e-01
1.8088e-01
1.1866e-01
1.5482e-01
2.9490e-01
3.4503e-01
2.2970e-01
1.0180e-01
5.4325e-02
8.1148e-02
9.6211e-02
4.9389e-02
-4.7873e-03
-6.2613e-02
-2.2218e-01
-4.1163e-01
-4.6959e-01
-4.0904e-01
-3.7224e-01
-3.7936e-01
-3.6915e-01
-3.6194e-01
-4.2382e-01
-3.8765e-01
-1.5741e-01
-2.5557e-02
-6.8921e-02
-1.4757e-01
2.3381e-02
6.1195e-01
9.8762e-01
7.6634e-01
4.9088e-01
3.6780e-01
2.2206e-01
9.6068e-02
1.0721e-01
1.6929e-01
2.5096e-01
2.8556e-01
1.8748e-01
1.0150e-01
1.0199e-01
1.0074e-01
7.9356e-02
1.0068e-01
1.5631e-01
1.8520e-01
1.2767e-01
-1.0743e-02
-1.4422e-01
-2.0282e-01
-2.1946e-01
-1.2929e-01
1.1235e-01
1.9825e-01
7.5587e-02
9.0209e-03
4.2285e-03
-7.2838e-02
-1.6569e-01
-2.0400e-01
-2.1058e-01
-2.0851e-01
-2.0593e-01
-2.5415e-01
-3.3566e-01
-3.4650e-01
-2.4477e-01
-7.1611e-02
9.4538e-02
1.0137e-01
-3.3765e-02
-1.4178e-01
-1.7869e-01
-1.5261e-01
-8.5311e-02
-6.9509e-03
6.5744e-02
1.1607e-01
1.1741e-01
1.1080e-01
1.7589e-01
3.3486e-01
4.8027e-01
4.1663e-01
2.0851e-01
1.3286e-01
1.7904e-01
1.7741e-01
1.0046e-01
2.1109e-02
-5.9292e-02
-1.4473e-01
-2.0211e-01
-1.7220e-01
-4.9369e-02
7.1948e-03
-4.1275e-02
-1.5790e-01
-3.2133e-01
-3.6904e-01
-1.7893e-01
1.7543e-01
5.1113e-01
4.2692e-01
6.8926e-02
-1.1428e-01
-1.6707e-01
-1.8712e-01
-1.2857e-01
-3.0409e-02
-8.4402e-03
-9.7116e-02
-3.0464e-01
-4.6204e-01
-5.1750e-01
-4.5795e-01
-1.4786e-01
3.7117e-01
5.7455e-01
1.6343e-01
-1.5883e-01
-2.7903e-02
9.1626e-02
-2.5411e-02
-1.1094e-01
-1.3619e-02
7.7784e-02
6.5562e-03
-1.1102e-01
-1.4456e-01
-1.5664e-01
-2.2448e-01
-2.9015e-01
-2.8178e-01
-1.9178e-01
-9.5467e-02
-1.0708e-01
-2.0137e-01
-2.4645e-01
-2.2377e-01
-2.1420e-01
-2.2850e-01
-1.7308e-01
-2.8525e-02
6.4229e-02
6.3741e-02
1.0519e-01
2.0201e-01
3.1800e-01
3.9791e-01
3.1352e-01
1.4323e-01
-7.5197e-03
-1.2492e-01
-2.1297e-01
-2.5047e-01
-2.1396e-01
-1.2630e-01
-5.3549e-02
-1.0293e-02
6.6228e-02
1.2965e-01
1.0972e-01
9.5486e-02
1.4565e-01
1.9414e-01
2.0734e-01
2.5598e-01
3.1763e-01
3.6100e-01
3.9615e-01
3.4430e-01
2.3483e-01
1.6431e-01
1.1738e-01
9.3429e-02
1.2765e-01
2.2679e-01
3.6135e-01
4.7087e-01
5.7054e-01
6.2782e-01
4.1869e-01
2.5260e-02
-1.4926e-01
-9.9142e-02
-1.3715e-02
6.1810e-02
1.2411e-01
1.7867e-01
2.5344e-01
2.8560e-01
1.5656e-01
-1.4735e-02
-6.5459e-02
-6.2531e-02
-1.1820e-01
-2.2367e-01
-3.0602e-01
-3.4526e-01
-3.7037e-01
-3.8491e-01
-3.4918e-01
-3.0064e-01
-2.7464e-01
-2.4403e-01
-2.5102e-01
-3.3299e-01
-3.8432e-01
-3.6520e-01
-2.0861e-01
1.4096e-01
2.6678e-01
-5.8222e-02
-3.4801e-01
-3.3438e-01
-3.2445e-01
-4.7071e-01
-6.0431e-01
-5.1728e-01
-2.6668e-01
-7.0286e-02
-1.4342e-02
3.4160e-02
1.4076e-01
2.1062e-01
2.6159e-01
4.0914e-01
6.0265e-01
7.9287e-01
8.2881e-01
5.2281e-01
5.9424e-02
-1.7511e-01
-2.8137e-01
-3.0758e-01
-3.6416e-04
2.9734e-01
3.2699e-01
3.8097e-01
5.9043e-01
7.0126e-01
4.7578e-01
1.9186e-01
8.2353e-02
4.6624e-01
1.1371e+00
8.1349e-01
6.9242e-02
-9.5571e-03
2.3977e-01
1.3968e-01
-2.1260e-01
-4.5879e-01
-4.8318e-01
-2.4792e-01
1.0053e-01
2.5433e-01
2.2758e-01
1.5437e-01
5.4914e-02
-1.2872e-02
-2.2275e-02
-4.0707e-02
-4.2490e-02
1.2846e-01
4.2494e-01
6.0118e-01
5.9159e-01
4.1206e-01
2.1436e-01
1.1883e-01
1.0207e-01
4.0286e-02
-1.5485e-01
-3.4001e-01
-3.9723e-01
-4.6750e-01
-6.4450e-01
-8.4889e-01
-9.5590e-01
-9.4589e-01
-9.0441e-01
-8.3117e-01
-6.8447e-01
-4.5856e-01
-2.1089e-01
-2.2028e-02
8.7664e-02
8.6964e-02
6.7398e-02
1.1700e-01
1.6120e-01
5.6760e-02
-2.3396e-01
-4.9282e-01
-4.2365e-01
-1.3436e-01
1.2238e-01
1.5095e-01
6.6916e-03
-1.4563e-01
-2.9066e-01
-4.6473e-01
-5.3059e-01
-3.5593e-01
1.7416e-01
6.9557e-01
5.4111e-01
-1.6524e-01
-5.6536e-01
-2.4856e-01
1.3855e-01
1.4152e-01
-4.3328e-03
-6.4202e-02
-5.1451e-02
1.8958e-02
1.8458e-01
2.0546e-01
5.5125e-02
-4.8898e-02
-6.2250e-02
-5.8925e-02
-6.6946e-02
-4.6963e-02
-2.1788e-02
-2.3986e-02
-4.6854e-02
-5.6504e-02
-3.0707e-02
-1.4353e-02
-2.3610e-02
-8.8497e-03
-1.3287e-02
-1.1942e-01
-2.6796e-01
-3.4830e-01
-3.3053e-01
-3.3609e-01
-3.3761e-01
-1.7393e-01
2.3301e-02
6.2897e-02
-1.1577e-01
-3.5004e-01
-3.5735e-01
-2.2509e-01
-1.5121e-01
-1.5338e-01
-1.6087e-01
-1.6523e-01
-1.6607e-01
-1.3840e-01
-1.2825e-01
-1.8703e-01
-2.3774e-01
-2.3634e-01
-2.7110e-01
-3.7301e-01
-3.6909e-01
-2.5844e-01
-2.9269e-01
-4.1322e-01
-4.6349e-01
-4.3193e-01
-2.6467e-01
4.0200e-02
2.4195e-01
8.4541e-02
-1.6493e-01
-1.8978e-01
-1.0519e-01
-1.2410e-01
-1.8922e-01
-1.7809e-01
-5.4212e-02
1.3925e-01
1.7569e-01
2.9039e-02
-8.5301e-02
-6.6532e-02
-6.8973e-03
-1.4797e-02
-1.3808e-01
-3.4524e-01
-3.8069e-01
-2.0724e-01
-1.0822e-01
-1.7031e-01
-2.5788e-01
-2.1206e-01
-5.2593e-02
2.2784e-02
-3.4697e-02
-8.8544e-02
-8.0015e-02
-5.0181e-02
-2.4559e-02
-3.0106e-02
-7.5435e-02
-5.4834e-02
7.6676e-02
1.6232e-01
9.2066e-02
-5.9392e-02
-1.4696e-01
-1.1268e-01
-5.2575e-03
1.9800e-01
3.3240e-01
1.0805e-01
-1.0482e-01
3.9114e-02
4.8216e-01
7.5720e-01
5.5488e-01
3.0491e-01
2.7621e-01
2.7369e-01
1.7307e-01
1.7397e-02
1.7542e-02
2.1858e-01
3.8742e-01
3.8533e-01
2.5421e-01
1.8819e-01
2.1645e-01
1.9934e-01
1.2463e-01
6.5382e-02
1.4502e-02
-4.6555e-02
-1.9707e-01
-4.2674e-01
-4.9629e-01
-3.9486e-01
-1.8903e-01
-1.5939e-01
-3.5627e-01
-4.7241e-01
-3.6233e-01
-2.1506e-01
-2.1908e-01
-3.3358e-01
-3.6836e-01
-2.3947e-01
-1.1910e-01
-1.2327e-01
-1.6208e-01
-1.6850e-01
-2.1388e-01
-3.0351e-01
-4.1433e-01
-5.7534e-01
-6.6322e-01
-5.8651e-01
-4.5695e-01
-4.5373e-01
-3.1510e-01
8.1359e-02
1.4023e-01
-8.5439e-02
-1.2721e-01
-2.8320e-03
6.0892e-02
2.2225e-02
-5.7493e-02
-1.0702e-01
-1.1530e-01
-1.2132e-01
-1.2510e-01
3.2105e-02
4.8798e-01
8.1771e-01
6.2631e-01
3.6007e-01
3.7298e-01
5.4396e-01
7.5483e-01
8.4287e-01
7.7038e-01
6.7514e-01
6.1122e-01
5.7517e-01
5.2922e-01
4.7304e-01
4.3522e-01
3.8418e-01
2.7035e-01
2.0872e-01
2.1670e-01
3.5797e-01
8.1029e-01
1.0545e+00
6.6396e-01
1.9197e-01
2.0818e-01
4.7728e-01
6.2666e-01
6.4949e-01
6.8840e-01
6.9455e-01
5.9271e-01
4.6210e-01
3.0274e-01
1.0425e-01
-2.0698e-02
-9.6574e-03
1.7839e-02
-7.3419e-04
-2.8024e-02
-9.8410e-02
-1.5956e-01
-1.7653e-01
-1.7051e-01
-1.8306e-01
-2.1876e-01
-1.9075e-01
5.0267e-02
2.8060e-01
1.1324e-01
-1.3372e-01
-7.0327e-02
1.0416e-01
1.2325e-01
6.1563e-02
6.8786e-02
1.4634e-01
2.1000e-01
1.9269e-01
1.2119e-01
3.0847e-02
-6.9212e-02
-1.5098e-01
-1.7214e-01
-1.5494e-01
-1.0194e-01
-2.7739e-02
-8.4860e-03
-5.2958e-03
3.8982e-02
1.5173e-01
2.8550e-01
2.6948e-01
1.1101e-01
-4.2962e-02
-8.6779e-02
-2.0234e-02
1.5993e-01
3.1700e-01
2.9206e-01
2.0216e-01
1.6438e-01
1.4968e-01
1.3094e-01
8.1795e-02
-1.1053e-02
-9.4388e-02
-1.3541e-01
-2.1828e-01
-4.0180e-01
-5.4288e-01
-5.5576e-01
-5.0659e-01
-4.3276e-01
-3.3506e-01
-2.4126e-01
-1.9655e-02
2.5131e-01
2.2782e-01
-4.7008e-03
-1.2946e-01
-1.3436e-01
-1.7817e-01
-1.8528e-01
-1.4564e-01
-1.8984e-01
-2.9305e-01
-3.5421e-01
-3.7814e-01
-3.9255e-01
-3.9032e-01
-3.0655e-01
-7.1063e-02
2.5582e-01
4.1989e-01
2.8204e-01
1.2350e-01
1.6398e-01
2.4161e-01
1.9136e-01
5.4736e-02
-4.4140e-02
7.1486e-03
1.4548e-01
2.4615e-01
3.0342e-01
3.2921e-01
3.8320e-01
4.3762e-01
3.7026e-01
2.8315e-01
3.0461e-01
3.3714e-01
2.5920e-01
1.6197e-02
-3.1536e-01
-4.1079e-01
-2.6475e-01
-1.6196e-01
-1.3607e-01
-8.9781e-02
-1.0089e-01
-1.9993e-01
-2.8838e-01
-2.9119e-01
-2.3308e-01
-1.5818e-01
-1.1482e-01
-1.1535e-01
-1.0014e-01
-7.5844e-02
-6.1212e-02
-7.1342e-02
-9.7737e-02
-1.2438e-01
-8.1388e-02
5.6819e-02
6.2187e-02
-1.6918e-01
-4.2096e-01
-4.4540e-01
-2.7065e-01
-4.9207e-02
5.7925e-02
-3.0757e-02
-2.4666e-01
-3.8108e-01
-3.4446e-01
-2.3711e-01
-1.4908e-01
-1.3906e-01
-1.8166e-01
-2.4017e-01
-1.8910e-01
4.9877e-02
2.6737e-01
2.8469e-01
2.0337e-01
2.2199e-01
3.0109e-01
2.5164e-01
2.1134e-01
3.6292e-01
5.0827e-01
4.3935e-01
2.9068e-01
2.6094e-01
2.6480e-01
1.8990e-01
-3.5164e-02
-3.9023e-01
-5.3069e-01
-3.9593e-01
-2.8445e-01
-3.4666e-01
-4.0540e-01
-3.3318e-01
-2.3722e-01
-1.9553e-01
-1.7182e-01
-1.3306e-01
-8.5667e-02
-7.8833e-02
-1.7560e-01
-2.3569e-01
-2.1897e-01
-1.0279e-01
1.6988e-01
3.4534e-01
3.6990e-01
3.2357e-01
2.6197e-01
1.5688e-01
8.8447e-02
1.1731e-01
1.8506e-01
2.5937e-01
3.1527e-01
2.7882e-01
1.5719e-01
5.2805e-02
1.2304e-02
-3.3878e-02
-9.2156e-02
-1.0055e-01
4.9624e-02
2.6601e-01
2.9619e-01
2.5103e-01
3.2587e-01
4.5059e-01
4.4563e-01
3.3596e-01
3.0240e-01
3.6213e-01
4.0843e-01
4.1902e-01
4.0236e-01
3.4587e-01
2.4643e-01
7.9774e-02
-7.8394e-02
-1.0107e-01
-6.0794e-02
-7.4705e-02
-1.1105e-01
-7.5738e-02
-8.0480e-03
2.5162e-02
7.0206e-02
1.1801e-01
9.0290e-02
-9.4706e-04
-7.0514e-02
-1.0878e-01
-1.6581e-01
-2.5738e-01
-3.4047e-01
-3.4344e-01
-3.2791e-01
-2.8866e-01
-1.1529e-01
2.2993e-02
4.7347e-02
1.4034e-01
1.9066e-01
-8.8928e-02
-3.2955e-01
-2.4156e-01
-1.2006e-01
-1.5779e-01
-2.2250e-01
-2.0990e-01
-1.5621e-01
-6.3069e-02
7.2301e-02
1.1986e-01
9.3847e-02
1.1290e-01
1.6441e-01
1.4270e-01
9.8162e-02
1.0147e-01
1.0356e-01
9.2813e-02
8.9681e-02
5.5686e-02
1.2079e-02
1.2086e-02
1.7045e-02
-2.9576e-02
-7.3454e-02
-7.1773e-02
-4.8983e-02
-4.3423e-02
-4.4902e-02
-4.1276e-02
-6.1152e-02
-9.4388e-02
-1.0930e-01
-1.0618e-01
-1.0852e-01
-9.1699e-02
-1.1788e-01
-2.3525e-01
-3.1545e-01
-2.4125e-01
-9.8107e-02
-1.4730e-02
6.5937e-02
1.1095e-01
9.6744e-02
6.0545e-02
3.0789e-02
2.9358e-05
-2.6576e-03
-1.7314e-02
-1.3285e-01
-2.5572e-01
-2.3955e-01
-1.3211e-01
-9.1426e-02
-1.3361e-01
-1.1684e-01
-1.1146e-02
4.9594e-02
-2.7487e-02
-1.0847e-01
-9.2171e-02
-4.2587e-02
-1.4398e-02
4.0818e-02
6.5047e-02
-6.8015e-03
-8.1146e-02
-3.8475e-02
9.8720e-02
2.0057e-01
1.9095e-01
1.3889e-01
1.1355e-01
1.2136e-01
1.1678e-01
9.7781e-02
1.0535e-01
1.2705e-01
1.1105e-01
6.0818e-02
1.9747e-02
4.0181e-03
-5.7149e-02
-1.7363e-01
-2.0375e-01
-1.6524e-01
-1.4840e-01
-9.4552e-02
-1.0424e-02
-3.8184e-02
-1.2490e-01
-1.2366e-01
-4.6621e-02
-3.6188e-02
-1.3321e-01
-2.0507e-01
-1.8616e-01
-1.6329e-01
-1.9539e-01
-2.3031e-01
-2.2582e-01
-2.0294e-01
-1.8641e-01
-1.8037e-01
-1.7476e-01
-1.6575e-01
-1.6005e-01
-1.5761e-01
-1.5319e-01
-1.4731e-01
-1.4175e-01
-1.1594e-01
-5.4266e-02
4.1390e-03
2.8535e-02
3.8165e-02
3.2371e-02
-8.8811e-05
-1.4603e-02
-2.1825e-03
1.5573e-03
-3.8045e-03
4.4722e-03
2.0834e-02
2.7770e-02
1.5449e-02
6.4920e-04
5.5684e-03
2.7990e-02
4.4178e-02
5.3184e-02
5.6329e-02
5.1056e-02
4.5547e-02
4.0338e-02
3.4972e-02
2.9623e-02
2.1546e-02
1.7480e-02
2.0574e-02
2.1803e-02
2.0227e-02
2.1194e-02
2.2991e-02
2.3045e-02
2.4006e-02
2.7032e-02
3.2026e-02
3.6683e-02
3.8970e-02
4.0659e-02
4.3506e-02
4.6434e-02
4.8007e-02
4.7607e-02
4.5240e-02
4.3371e-02
4.2743e-02
4.1699e-02
4.0846e-02
4.0698e-02
4.1289e-02
4.2845e-02
4.5382e-02
4.5452e-02
4.1930e-02
3.9474e-02
3.9891e-02
4.0263e-02
3.9573e-02
3.9040e-02
3.8909e-02
3.8230e-02
3.7016e-02
3.6103e-02
3.5476e-02
3.4708e-02
3.3932e-02
3.3100e-02
3.2175e-02
3.1172e-02
3.0157e-02
2.9425e-02
2.8442e-02
2.7347e-02
2.6428e-02
2.5499e-02
2.4551e-02
2.3521e-02
2.2447e-02
2.1411e-02
2.0382e-02
1.9339e-02
1.8284e-02
1.7206e-02
1.6122e-02
1.5039e-02
1.3949e-02
1.2849e-02
1.1744e-02
1.0635e-02
9.5224e-03
8.4055e-03
7.2852e-03
6.1623e-03
5.0374e-03
3.9109e-03
2.7835e-03
1.6558e-03
