0.000000000000000000e+00 2.000000000000000111e-01
5.999999999999999778e-02 3.800000000000000044e-01
1.000000000000000056e-01 5.000000000000000000e-01
1.199999999999999956e-01 5.000000000000000000e-01
1.799999999999999933e-01 5.000000000000000000e-01
2.399999999999999911e-01 5.000000000000000000e-01
2.999999999999999889e-01 5.000000000000000000e-01
3.599999999999999867e-01 5.000000000000000000e-01
4.000000000000000222e-01 5.000000000000000000e-01
4.199999999999999845e-01 4.762000000000000122e-01
4.799999999999999822e-01 4.167000000000000148e-01
5.400000000000000355e-01 3.704000000000000070e-01
5.999999999999999778e-01 3.332999999999999852e-01
6.600000000000000311e-01 3.029999999999999916e-01
7.199999999999999734e-01 2.777999999999999914e-01
7.800000000000000266e-01 2.564000000000000168e-01
8.399999999999999689e-01 2.381000000000000061e-01
9.000000000000000222e-01 2.222000000000000086e-01
9.599999999999999645e-01 2.083000000000000129e-01
1.020000000000000018e+00 1.960999999999999965e-01
1.080000000000000071e+00 1.852000000000000035e-01
1.139999999999999902e+00 1.754000000000000004e-01
1.199999999999999956e+00 1.666999999999999871e-01
1.260000000000000009e+00 1.587000000000000077e-01
1.320000000000000062e+00 1.514999999999999958e-01
1.379999999999999893e+00 1.449000000000000010e-01
1.439999999999999947e+00 1.388999999999999957e-01
1.500000000000000000e+00 1.333000000000000018e-01
1.560000000000000053e+00 1.282000000000000084e-01
1.620000000000000107e+00 1.234999999999999987e-01
1.679999999999999938e+00 1.189999999999999947e-01
1.739999999999999991e+00 1.149000000000000021e-01
1.800000000000000044e+00 1.111000000000000043e-01
1.860000000000000098e+00 1.074999999999999983e-01
1.919999999999999929e+00 1.042000000000000010e-01
1.979999999999999982e+00 1.010000000000000064e-01
2.040000000000000036e+00 9.800000000000000377e-02
2.100000000000000089e+00 9.520000000000000684e-02
2.160000000000000142e+00 9.260000000000000175e-02
2.220000000000000195e+00 9.009999999999999953e-02
2.279999999999999805e+00 8.770000000000000018e-02
2.339999999999999858e+00 8.550000000000000655e-02
2.399999999999999911e+00 8.329999999999999905e-02
2.459999999999999964e+00 8.129999999999999727e-02
2.520000000000000018e+00 7.939999999999999836e-02
2.580000000000000071e+00 7.749999999999999944e-02
2.640000000000000124e+00 7.580000000000000626e-02
2.700000000000000178e+00 7.409999999999999920e-02
2.759999999999999787e+00 7.249999999999999500e-02
2.819999999999999840e+00 7.090000000000000469e-02
2.879999999999999893e+00 6.940000000000000335e-02
2.939999999999999947e+00 6.800000000000000488e-02
3.000000000000000000e+00 6.669999999999999540e-02
3.060000000000000053e+00 6.410000000000000420e-02
3.120000000000000107e+00 6.160000000000000198e-02
3.180000000000000160e+00 5.929999999999999855e-02
3.240000000000000213e+00 5.720000000000000084e-02
3.299999999999999822e+00 5.510000000000000314e-02
3.359999999999999876e+00 5.310000000000000137e-02
3.419999999999999929e+00 5.129999999999999838e-02
3.479999999999999982e+00 4.950000000000000233e-02
3.540000000000000036e+00 4.789999999999999813e-02
3.600000000000000089e+00 4.630000000000000088e-02
3.660000000000000142e+00 4.479999999999999954e-02
3.720000000000000195e+00 4.340000000000000108e-02
3.779999999999999805e+00 4.200000000000000261e-02
3.839999999999999858e+00 4.070000000000000007e-02
3.899999999999999911e+00 3.939999999999999752e-02
3.959999999999999964e+00 3.830000000000000071e-02
4.019999999999999574e+00 3.710000000000000103e-02
4.080000000000000071e+00 3.599999999999999728e-02
4.139999999999999680e+00 3.500000000000000333e-02
4.200000000000000178e+00 3.400000000000000244e-02
4.259999999999999787e+00 3.309999999999999748e-02
4.320000000000000284e+00 3.219999999999999946e-02
4.379999999999999893e+00 3.130000000000000143e-02
4.440000000000000391e+00 3.039999999999999994e-02
4.500000000000000000e+00 2.960000000000000131e-02
4.559999999999999609e+00 2.889999999999999861e-02
4.620000000000000107e+00 2.809999999999999998e-02
4.679999999999999716e+00 2.740000000000000074e-02
4.740000000000000213e+00 2.670000000000000151e-02
4.799999999999999822e+00 2.599999999999999881e-02
4.860000000000000320e+00 2.539999999999999897e-02
4.919999999999999929e+00 2.479999999999999913e-02
4.980000000000000426e+00 2.419999999999999929e-02
5.040000000000000036e+00 2.359999999999999945e-02
5.099999999999999645e+00 2.309999999999999901e-02
5.160000000000000142e+00 2.249999999999999917e-02
5.219999999999999751e+00 2.199999999999999872e-02
5.280000000000000249e+00 2.149999999999999828e-02
5.339999999999999858e+00 2.100000000000000130e-02
5.400000000000000355e+00 2.060000000000000026e-02
5.459999999999999964e+00 2.009999999999999981e-02
5.519999999999999574e+00 1.969999999999999876e-02
5.580000000000000071e+00 1.930000000000000118e-02
5.639999999999999680e+00 1.890000000000000013e-02
5.700000000000000178e+00 1.849999999999999908e-02
5.759999999999999787e+00 1.810000000000000150e-02
5.820000000000000284e+00 1.770000000000000046e-02
5.879999999999999893e+00 1.739999999999999880e-02
5.940000000000000391e+00 1.700000000000000122e-02
6.000000000000000000e+00 1.669999999999999957e-02
