-1.2146e-03
-1.2126e-03
-1.2105e-03
-1.2084e-03
-1.2062e-03
-1.2041e-03
-1.2019e-03
-1.1997e-03
-1.1975e-03
-1.1953e-03
-1.1930e-03
-1.1906e-03
-1.1882e-03
-1.1856e-03
-1.1830e-03
-1.1806e-03
-1.1783e-03
-1.1760e-03
-1.1737e-03
-1.1715e-03
-1.1695e-03
-1.1678e-03
-1.1662e-03
-1.1643e-03
-1.1617e-03
-1.1591e-03
-1.1568e-03
-1.1546e-03
-1.1522e-03
-1.1495e-03
-1.1468e-03
-1.1452e-03
-1.1476e-03
-1.1459e-03
-1.1316e-03
-1.1121e-03
-1.0943e-03
-1.0771e-03
-1.0594e-03
-1.0464e-03
-1.0521e-03
-1.0770e-03
-1.1045e-03
-1.1290e-03
-1.1565e-03
-1.1881e-03
-1.2120e-03
-1.2063e-03
-1.1846e-03
-1.1697e-03
-1.1624e-03
-1.1511e-03
-1.1304e-03
-1.1039e-03
-1.0771e-03
-1.0625e-03
-1.0657e-03
-1.0703e-03
-1.0668e-03
-1.0601e-03
-1.0570e-03
-1.0579e-03
-1.0595e-03
-1.0453e-03
-9.9851e-04
-9.4051e-04
-9.0588e-04
-9.2556e-04
-9.6613e-04
-9.8863e-04
-9.9612e-04
-1.0097e-03
-1.0370e-03
-1.0711e-03
-1.1043e-03
-1.1381e-03
-1.1758e-03
-1.2161e-03
-1.2108e-03
-1.1069e-03
-9.7219e-04
-8.6717e-04
-7.8009e-04
-6.7699e-04
-5.4936e-04
-4.1060e-04
-2.9641e-04
-3.9119e-04
-6.9331e-04
-9.8865e-04
-1.1986e-03
-1.3929e-03
-1.5994e-03
-1.7782e-03
-1.8669e-03
-1.8905e-03
-1.8988e-03
-1.8927e-03
-1.7708e-03
-1.3565e-03
-8.0024e-04
-2.9898e-04
2.0651e-04
7.5876e-04
1.0247e-03
7.9072e-04
3.4773e-05
-9.3713e-04
-1.7555e-03
-2.1872e-03
-2.1129e-03
-1.6069e-03
-1.1619e-03
-9.5694e-04
-8.5569e-04
-7.5485e-04
-7.3447e-04
-7.5017e-04
-7.4488e-04
-7.3148e-04
-7.4021e-04
-7.7215e-04
-8.0885e-04
-8.2812e-04
-7.7609e-04
-6.7957e-04
-5.9881e-04
-5.4169e-04
-4.8211e-04
-4.0519e-04
-3.1761e-04
-2.5007e-04
-3.5281e-04
-6.2201e-04
-8.8232e-04
-1.0706e-03
-1.2171e-03
-1.1427e-03
-8.4124e-04
-5.5408e-04
-3.4460e-04
-1.2056e-04
-1.9632e-04
-7.8657e-04
-1.4537e-03
-1.9455e-03
-2.3262e-03
-2.1719e-03
-1.4754e-03
-8.2490e-04
-4.2630e-04
-6.1343e-05
4.5770e-04
1.0999e-03
1.7480e-03
2.0561e-03
1.4188e-03
3.5324e-04
-4.3962e-04
-9.6767e-04
-1.5736e-03
-2.3951e-03
-3.3191e-03
-4.1018e-03
-4.1194e-03
-3.3719e-03
-2.2059e-03
-8.8709e-04
5.4064e-04
1.5263e-03
1.7965e-03
1.0267e-03
-6.5552e-05
-7.9877e-04
-1.3098e-03
-1.8928e-03
-2.3885e-03
-2.0806e-03
-7.2094e-04
7.3610e-04
1.8140e-03
2.8082e-03
3.4304e-03
3.2447e-03
2.1248e-03
4.6859e-04
-1.0136e-03
-2.0784e-03
-2.8777e-03
-3.3523e-03
-3.6140e-03
-3.7120e-03
-3.2280e-03
-1.9668e-03
-5.9158e-04
6.5392e-04
2.2147e-03
3.7207e-03
4.2966e-03
3.2734e-03
1.2568e-03
-4.3448e-04
-1.5775e-03
-2.6749e-03
-3.5980e-03
-3.9708e-03
-3.5852e-03
-2.9742e-03
-2.5931e-03
-2.3413e-03
-1.9683e-03
-1.4320e-03
-8.5076e-04
-2.8525e-04
4.7982e-04
1.4847e-03
2.5028e-03
3.4345e-03
4.3197e-03
4.9896e-03
4.9500e-03
3.4001e-03
1.2337e-03
-4.8298e-04
-1.8205e-03
-3.3199e-03
-5.1322e-03
-6.5425e-03
-6.9560e-03
-6.2490e-03
-4.8356e-03
-2.6133e-03
-6.2477e-05
2.3445e-03
4.8332e-03
7.4809e-03
9.2243e-03
8.6772e-03
5.1051e-03
1.0570e-03
-2.1582e-03
-5.8462e-03
-9.5650e-03
-1.1791e-02
-1.1160e-02
-8.4599e-03
-4.8994e-03
-1.4540e-03
1.8900e-03
4.9712e-03
7.4698e-03
8.9419e-03
9.7169e-03
1.0011e-02
9.5429e-03
8.1501e-03
5.0824e-03
4.5661e-04
-4.9774e-03
-9.2406e-03
-1.1385e-02
-1.1573e-02
-9.8503e-03
-6.1185e-03
-2.3069e-03
8.4300e-04
4.2808e-03
7.9523e-03
1.0260e-02
1.0677e-02
9.2141e-03
6.0940e-03
2.0929e-03
-1.6330e-03
-4.8342e-03
-7.7187e-03
-9.5270e-03
-1.0268e-02
-9.9997e-03
-8.1941e-03
-4.7518e-03
-1.1969e-03
1.9281e-03
5.3821e-03
8.8362e-03
1.1083e-02
1.1210e-02
9.7194e-03
6.6897e-03
2.6413e-03
-1.7352e-03
-5.1119e-03
-6.8142e-03
-6.5141e-03
-4.6159e-03
-1.7464e-03
9.1947e-04
3.1612e-03
5.3644e-03
7.5672e-03
9.2347e-03
9.5420e-03
8.0774e-03
4.5202e-03
3.9364e-04
-3.0934e-03
-6.5593e-03
-1.0195e-02
-1.2599e-02
-1.3091e-02
-1.1911e-02
-8.7595e-03
-4.7476e-03
-1.2291e-03
1.9069e-03
5.2749e-03
8.5678e-03
1.1279e-02
1.2576e-02
1.2555e-02
1.1559e-02
9.1564e-03
5.6059e-03
2.1245e-03
-1.8662e-03
-7.4199e-03
-1.1520e-02
-1.2683e-02
-1.0860e-02
-6.3940e-03
2.6370e-04
7.6425e-03
1.4341e-02
1.9372e-02
2.2108e-02
2.1506e-02
1.6172e-02
5.9507e-03
-4.4311e-03
-1.4012e-02
-2.3308e-02
-2.9042e-02
-3.0414e-02
-2.7685e-02
-2.1854e-02
-1.4349e-02
-5.9871e-03
2.2660e-03
8.8856e-03
1.3440e-02
1.5706e-02
1.6303e-02
1.5181e-02
1.1260e-02
5.8395e-03
8.7950e-04
-3.9610e-03
-8.8375e-03
-1.1988e-02
-1.2350e-02
-1.0398e-02
-7.0232e-03
-2.9341e-03
9.6810e-04
4.7069e-03
8.7203e-03
1.3101e-02
1.7415e-02
2.0460e-02
2.1889e-02
2.1282e-02
1.8779e-02
1.4270e-02
9.4755e-03
5.3612e-03
1.4131e-03
-2.9955e-03
-7.8183e-03
-1.2666e-02
-1.6797e-02
-1.9544e-02
-2.0641e-02
-2.0494e-02
-1.8379e-02
-1.3825e-02
-6.8995e-03
2.6524e-04
6.6586e-03
1.3261e-02
1.9831e-02
2.4193e-02
2.5546e-02
2.3754e-02
1.9836e-02
1.5212e-02
1.1115e-02
7.9064e-03
5.2940e-03
3.0964e-03
1.1950e-03
-7.8077e-04
-2.8473e-03
-4.8127e-03
-6.6185e-03
-8.3650e-03
-1.0098e-02
-1.0979e-02
-1.0387e-02
-8.4027e-03
-6.1166e-03
-4.3425e-03
-2.8148e-03
-1.0302e-03
1.0711e-03
3.2386e-03
5.2999e-03
7.2940e-03
9.1348e-03
9.8648e-03
9.2930e-03
7.2858e-03
4.9257e-03
3.0609e-03
1.3833e-03
5.9257e-04
1.9480e-03
3.8943e-03
5.2504e-03
7.3979e-03
1.0061e-02
1.0830e-02
8.1637e-03
2.3997e-03
-5.3644e-03
-1.2078e-02
-1.5867e-02
-1.7049e-02
-1.5934e-02
-1.1298e-02
-5.3388e-03
-3.8390e-04
3.9117e-03
8.6875e-03
1.3800e-02
1.8559e-02
2.2287e-02
2.4431e-02
2.5052e-02
2.4999e-02
2.5013e-02
2.5099e-02
2.4537e-02
2.2837e-02
1.9619e-02
1.5051e-02
9.2136e-03
2.0452e-03
-6.2869e-03
-1.5482e-02
-2.4859e-02
-3.2882e-02
-3.7129e-02
-3.6926e-02
-2.9258e-02
-1.4597e-02
1.0449e-03
1.4733e-02
2.4423e-02
2.6503e-02
2.4292e-02
2.1734e-02
2.0219e-02
1.8869e-02
1.6509e-02
1.3179e-02
9.6635e-03
6.4522e-03
3.4158e-03
2.9476e-05
-2.1582e-03
-1.1607e-03
8.0522e-04
1.9781e-03
4.4480e-03
7.6132e-03
7.6135e-03
2.7439e-03
-5.3147e-03
-1.2091e-02
-1.5173e-02
-1.3968e-02
-8.0712e-03
-1.3295e-03
3.4338e-03
7.1064e-03
1.1035e-02
1.2996e-02
1.2240e-02
8.8383e-03
4.8781e-03
1.7987e-03
-9.2441e-04
-4.1644e-03
-7.9684e-03
-1.1848e-02
-1.3619e-02
-9.4034e-03
-2.5403e-03
2.5555e-03
6.5008e-03
1.1115e-02
1.4762e-02
1.6765e-02
1.7999e-02
1.9571e-02
2.1296e-02
2.1306e-02
1.8144e-02
1.1542e-02
4.6531e-03
-1.1931e-03
-7.5507e-03
-1.3303e-02
-1.7027e-02
-1.8832e-02
-1.9706e-02
-1.9994e-02
-1.8427e-02
-1.3804e-02
-5.4282e-03
4.6401e-03
1.4314e-02
2.1556e-02
2.3428e-02
2.0137e-02
1.2401e-02
2.2350e-03
-7.7640e-03
-1.5658e-02
-1.9337e-02
-1.8084e-02
-1.1187e-02
-5.6937e-04
9.1213e-03
1.7499e-02
2.8269e-02
4.0425e-02
4.8627e-02
5.2208e-02
5.1061e-02
4.3925e-02
3.0467e-02
1.3003e-02
-4.9196e-03
-2.1987e-02
-3.9075e-02
-4.9882e-02
-5.0255e-02
-4.1350e-02
-2.5865e-02
-1.1025e-02
-2.8602e-04
6.9852e-03
1.3774e-02
2.0676e-02
2.6942e-02
3.1675e-02
3.4353e-02
3.4947e-02
3.0820e-02
2.3983e-02
1.8204e-02
1.3337e-02
9.1516e-03
6.7159e-03
4.6707e-03
1.8453e-03
-1.3853e-03
-4.2813e-03
-6.4902e-03
-6.5601e-03
-4.8086e-03
-3.3501e-03
-1.7651e-03
1.6055e-03
3.7941e-03
2.7198e-03
-2.8601e-03
-1.1162e-02
-1.8948e-02
-2.3637e-02
-2.4268e-02
-2.1113e-02
-1.3760e-02
-4.8326e-03
2.8623e-03
1.0278e-02
1.9323e-02
2.8521e-02
3.5010e-02
3.6596e-02
3.3432e-02
2.7015e-02
1.8151e-02
8.6548e-03
2.7582e-04
-6.4619e-03
-1.1164e-02
-1.3739e-02
-1.4145e-02
-1.0801e-02
-4.3439e-03
1.8377e-03
6.7481e-03
1.1113e-02
1.2146e-02
9.7006e-03
7.5520e-03
6.8822e-03
6.5904e-03
9.1347e-03
1.4812e-02
2.0259e-02
2.4567e-02
2.9181e-02
3.2182e-02
3.1190e-02
2.5652e-02
1.8521e-02
1.2791e-02
1.1703e-02
1.3878e-02
1.4831e-02
1.3959e-02
1.3434e-02
1.1764e-02
6.2733e-03
-2.3808e-03
-1.1595e-02
-1.9899e-02
-2.5673e-02
-2.8258e-02
-2.6682e-02
-1.7419e-02
-2.2841e-03
1.1678e-02
2.1622e-02
2.6057e-02
2.6468e-02
2.4488e-02
2.0620e-02
1.4640e-02
7.3564e-03
-2.9265e-05
-6.6111e-03
-1.0764e-02
-1.1149e-02
-6.2989e-03
1.1604e-04
4.7250e-03
7.9964e-03
1.1474e-02
1.4014e-02
1.5027e-02
1.5026e-02
1.4695e-02
1.3683e-02
9.9288e-03
4.3871e-03
-7.3222e-04
-5.9173e-03
-1.1383e-02
-1.5082e-02
-1.5840e-02
-1.4067e-02
-9.4431e-03
-2.7177e-03
3.6554e-03
8.8359e-03
1.3546e-02
1.6854e-02
1.7083e-02
1.2472e-02
5.7880e-03
5.0007e-04
-3.5606e-03
-7.8674e-03
-1.2074e-02
-1.1731e-02
-3.9278e-03
7.9472e-03
2.0870e-02
3.2961e-02
4.4660e-02
5.7448e-02
7.1170e-02
8.0444e-02
7.7720e-02
6.2884e-02
4.1237e-02
1.6829e-02
-9.5771e-03
-3.4583e-02
-5.4602e-02
-7.0118e-02
-7.5927e-02
-7.1699e-02
-6.0651e-02
-4.6491e-02
-3.1554e-02
-1.4544e-02
8.6596e-03
3.9652e-02
6.6648e-02
8.0019e-02
8.0416e-02
7.1043e-02
5.4001e-02
3.3475e-02
1.3344e-02
-5.8591e-03
-2.0406e-02
-2.6849e-02
-2.5529e-02
-2.1771e-02
-1.7403e-02
-1.1528e-02
-5.1769e-03
-7.1354e-04
-1.9256e-04
-2.3308e-03
-3.5772e-03
-2.6972e-03
-7.3522e-04
2.0995e-03
5.6771e-03
9.0672e-03
1.1480e-02
1.2963e-02
1.7296e-02
2.7818e-02
4.1053e-02
4.9395e-02
4.6509e-02
3.5252e-02
1.6244e-02
-7.8085e-03
-3.1725e-02
-5.1617e-02
-5.9348e-02
-5.7030e-02
-5.3803e-02
-5.0793e-02
-4.4584e-02
-3.4137e-02
-2.0674e-02
-6.8198e-03
5.6008e-03
1.5315e-02
2.1340e-02
2.4445e-02
2.3661e-02
1.8792e-02
1.1735e-02
5.4855e-03
3.6421e-03
6.5312e-03
9.0056e-03
9.6760e-03
1.1053e-02
1.1540e-02
8.5243e-03
1.8120e-03
-5.6555e-03
-1.1436e-02
-1.4775e-02
-1.6733e-02
-1.8463e-02
-2.0668e-02
-2.3028e-02
-2.3946e-02
-2.2363e-02
-1.8155e-02
-1.2110e-02
-5.0257e-03
9.7379e-05
2.3243e-03
1.3304e-03
-1.1615e-03
-3.4434e-03
-3.4972e-03
3.3270e-04
1.4714e-02
3.9448e-02
6.2578e-02
7.4684e-02
7.8213e-02
7.4017e-02
6.1162e-02
4.1209e-02
2.1066e-02
2.2778e-03
-1.4780e-02
-3.0368e-02
-4.8243e-02
-6.7785e-02
-8.5345e-02
-9.8686e-02
-1.0435e-01
-9.7947e-02
-7.4134e-02
-3.5257e-02
4.7900e-03
3.5643e-02
5.4063e-02
6.0435e-02
5.6476e-02
4.2118e-02
2.4771e-02
9.5107e-03
-1.9361e-03
-1.0421e-02
-1.4139e-02
-8.9292e-03
2.1272e-03
1.3347e-02
2.2250e-02
2.6898e-02
2.6791e-02
2.4410e-02
2.1235e-02
1.9501e-02
1.9120e-02
1.8202e-02
1.7703e-02
1.8492e-02
1.3219e-02
-2.6008e-03
-2.1123e-02
-3.7142e-02
-4.7021e-02
-5.0193e-02
-4.9527e-02
-4.3620e-02
-3.4250e-02
-2.4010e-02
-1.3964e-02
-3.7386e-03
7.2084e-03
1.8730e-02
3.0321e-02
4.1612e-02
5.0451e-02
5.1381e-02
4.0444e-02
2.0370e-02
-1.4832e-03
-2.0672e-02
-3.6422e-02
-4.7487e-02
-5.5984e-02
-6.2448e-02
-6.1957e-02
-4.9507e-02
-2.9913e-02
-9.9347e-03
9.3634e-03
2.8424e-02
4.1338e-02
4.1804e-02
3.0923e-02
1.4227e-02
-9.5692e-04
-1.3544e-02
-2.6745e-02
-4.1469e-02
-5.5188e-02
-6.4913e-02
-6.9830e-02
-7.1838e-02
-7.1455e-02
-6.7614e-02
-5.8785e-02
-4.5097e-02
-2.9383e-02
-1.5570e-02
-4.0772e-03
5.5711e-03
1.5632e-02
2.7769e-02
4.1687e-02
5.6369e-02
7.1315e-02
8.6338e-02
9.9774e-02
1.0902e-01
1.1093e-01
1.0309e-01
8.3306e-02
5.6243e-02
2.6799e-02
-2.5952e-03
-3.5050e-02
-6.5084e-02
-8.8722e-02
-1.0733e-01
-1.1366e-01
-1.0523e-01
-8.6953e-02
-6.9509e-02
-5.5662e-02
-4.1301e-02
-2.5572e-02
-1.0842e-02
-3.4233e-03
-5.3565e-03
-1.2673e-02
-2.1967e-02
-3.4944e-02
-5.4673e-02
-7.8986e-02
-1.0143e-01
-1.1829e-01
-1.3008e-01
-1.3457e-01
-1.3050e-01
-1.1346e-01
-8.4620e-02
-5.2810e-02
-2.1987e-02
7.8633e-03
3.3200e-02
5.1883e-02
6.3718e-02
6.8984e-02
6.9205e-02
6.1220e-02
4.3624e-02
2.1355e-02
-5.9796e-03
-4.0425e-02
-7.3707e-02
-1.0017e-01
-1.2495e-01
-1.4322e-01
-1.4694e-01
-1.3539e-01
-1.1085e-01
-8.3854e-02
-6.1121e-02
-4.1631e-02
-2.2826e-02
-8.4240e-03
-3.1661e-03
-8.4612e-03
-2.6562e-02
-5.4172e-02
-8.4340e-02
-1.1287e-01
-1.4078e-01
-1.6525e-01
-1.8658e-01
-1.9836e-01
-1.9837e-01
-1.9477e-01
-1.8835e-01
-1.7000e-01
-1.3593e-01
-9.3803e-02
-5.0656e-02
-1.0908e-02
2.0609e-02
4.6505e-02
5.6828e-02
4.7000e-02
2.2421e-02
-8.2187e-03
-3.5829e-02
-5.8453e-02
-7.2194e-02
-7.4731e-02
-7.2514e-02
-6.9154e-02
-6.2867e-02
-5.1368e-02
-3.4913e-02
-1.4238e-02
6.8166e-03
2.5712e-02
3.9232e-02
4.4005e-02
3.8226e-02
2.3727e-02
5.2814e-03
-1.2564e-02
-2.9110e-02
-4.3759e-02
-5.5451e-02
-6.2488e-02
-6.6155e-02
-6.6949e-02
-6.5335e-02
-6.1731e-02
-5.5434e-02
-4.6939e-02
-3.8487e-02
-3.0782e-02
-2.3092e-02
-1.5198e-02
-7.6577e-03
-2.3399e-03
-1.5912e-03
-6.5248e-03
-1.6024e-02
-2.8799e-02
-4.2003e-02
-5.3692e-02
-6.3770e-02
-7.4190e-02
-8.5777e-02
-9.7191e-02
-1.0744e-01
-1.1638e-01
-1.2255e-01
-1.2539e-01
-1.2464e-01
-1.1737e-01
-9.9400e-02
-7.4432e-02
-4.5699e-02
-1.3265e-02
2.5058e-02
6.6540e-02
1.0605e-01
1.3897e-01
1.5998e-01
1.7054e-01
1.6800e-01
1.5252e-01
1.2414e-01
8.8386e-02
5.2961e-02
2.1882e-02
-6.1127e-03
-3.7048e-02
-6.7163e-02
-8.9280e-02
-1.0522e-01
-1.1608e-01
-1.1889e-01
-1.1652e-01
-1.1374e-01
-1.1308e-01
-1.1477e-01
-1.1863e-01
-1.2529e-01
-1.3560e-01
-1.4737e-01
-1.5850e-01
-1.7184e-01
-1.8856e-01
-2.0569e-01
-2.2085e-01
-2.3391e-01
-2.4534e-01
-2.5566e-01
-2.6546e-01
-2.7549e-01
-2.8566e-01
-2.9559e-01
-3.0493e-01
-3.1114e-01
-3.0876e-01
-2.9567e-01
-2.7597e-01
-2.4896e-01
-2.1541e-01
-1.7582e-01
-1.3217e-01
-8.8789e-02
-4.6975e-02
-9.5123e-03
1.4459e-02
2.2168e-02
2.1100e-02
1.6380e-02
7.1605e-03
-6.3790e-03
-2.0943e-02
-3.5059e-02
-4.7165e-02
-5.1888e-02
-4.8869e-02
-3.9142e-02
-2.2315e-02
3.3531e-03
4.3436e-02
9.3876e-02
1.5384e-01
2.2157e-01
2.8222e-01
3.3096e-01
3.7661e-01
4.2250e-01
4.7038e-01
5.2012e-01
5.6439e-01
5.9873e-01
6.2023e-01
6.3072e-01
6.3354e-01
6.3144e-01
6.2363e-01
5.9728e-01
5.4602e-01
4.7449e-01
4.0250e-01
3.3927e-01
2.6390e-01
1.7974e-01
9.7836e-02
2.5045e-02
-2.5712e-02
-6.7525e-02
-1.0742e-01
-1.3909e-01
-1.5232e-01
-1.4775e-01
-1.2272e-01
-7.2381e-02
4.2050e-03
9.9996e-02
1.9421e-01
2.7789e-01
3.4943e-01
3.9296e-01
4.1238e-01
4.2087e-01
4.1619e-01
3.7346e-01
3.0338e-01
2.4734e-01
2.1470e-01
1.8863e-01
1.6053e-01
1.3835e-01
1.2783e-01
1.2901e-01
1.3859e-01
1.5049e-01
1.6036e-01
1.6933e-01
1.7979e-01
1.9111e-01
2.0132e-01
2.1070e-01
2.2615e-01
2.5141e-01
2.8340e-01
3.1491e-01
3.4324e-01
3.7111e-01
4.0053e-01
4.2635e-01
4.3777e-01
4.3151e-01
4.1519e-01
3.9439e-01
3.7020e-01
3.4063e-01
3.0599e-01
2.7029e-01
2.3534e-01
2.0036e-01
1.6796e-01
1.3654e-01
1.0476e-01
7.5215e-02
4.5189e-02
1.6160e-02
-8.9751e-03
-3.0608e-02
-4.8445e-02
-6.4359e-02
-7.9534e-02
-8.9416e-02
-9.2094e-02
-9.0883e-02
-8.5227e-02
-7.2164e-02
-5.6367e-02
-4.2455e-02
-3.0056e-02
-1.7320e-02
-5.6308e-03
1.9220e-03
4.7562e-03
-9.0182e-04
-1.6722e-02
-3.6195e-02
-5.4029e-02
-7.0232e-02
-8.7334e-02
-1.0628e-01
-1.2601e-01
-1.4538e-01
-1.6478e-01
-1.8522e-01
-2.0614e-01
-2.2678e-01
-2.4714e-01
-2.6772e-01
-2.8983e-01
-3.1329e-01
-3.3674e-01
-3.5979e-01
-3.7599e-01
-3.7809e-01
-3.6358e-01
-3.3009e-01
-2.8471e-01
-2.3738e-01
-1.9292e-01
-1.4988e-01
-1.0652e-01
-6.6266e-02
-2.3638e-02
2.3217e-02
5.8580e-02
7.2644e-02
7.0928e-02
6.0973e-02
3.8106e-02
8.3278e-04
-4.4428e-02
-8.8980e-02
-1.2909e-01
-1.6381e-01
-1.9827e-01
-2.3595e-01
-2.7475e-01
-3.1015e-01
-3.3948e-01
-3.5557e-01
-3.5894e-01
-3.5613e-01
-3.4890e-01
-3.3764e-01
-3.2267e-01
-3.0537e-01
-2.8860e-01
-2.7175e-01
-2.5182e-01
-2.2727e-01
-1.9699e-01
-1.5879e-01
-1.1639e-01
-7.6801e-02
-3.4442e-02
1.2850e-02
5.8338e-02
9.8444e-02
1.3490e-01
1.6900e-01
2.0240e-01
2.3299e-01
2.4953e-01
2.5107e-01
2.4737e-01
2.4038e-01
2.2294e-01
1.9539e-01
1.6296e-01
1.2916e-01
9.8524e-02
7.1447e-02
4.5414e-02
1.9514e-02
-5.1818e-03
-2.5028e-02
-3.8305e-02
-4.5950e-02
-5.1145e-02
-5.4270e-02
-5.4781e-02
-5.2897e-02
-4.9755e-02
-4.6699e-02
-4.5939e-02
-4.9847e-02
-5.7148e-02
-6.4852e-02
-6.9936e-02
-7.3548e-02
-7.8186e-02
-8.4178e-02
-9.0598e-02
-9.7222e-02
-1.0381e-01
-1.0980e-01
-1.1311e-01
-1.1479e-01
-1.1718e-01
-1.2018e-01
-1.2298e-01
-1.2773e-01
-1.3412e-01
-1.3996e-01
-1.4416e-01
-1.4695e-01
-1.4778e-01
-1.4800e-01
-1.4896e-01
-1.5037e-01
-1.5144e-01
-1.5203e-01
-1.5248e-01
-1.5280e-01
-1.5144e-01
-1.4782e-01
-1.4229e-01
-1.3505e-01
-1.2594e-01
-1.1580e-01
-1.0684e-01
-1.0041e-01
-9.5476e-02
-9.0915e-02
-8.7641e-02
-8.6547e-02
-8.8909e-02
-9.5179e-02
-1.0493e-01
-1.1615e-01
-1.2803e-01
-1.4065e-01
-1.5203e-01
-1.6121e-01
-1.6843e-01
-1.7448e-01
-1.7985e-01
-1.8468e-01
-1.8816e-01
-1.8946e-01
-1.8725e-01
-1.8107e-01
-1.7044e-01
-1.5514e-01
-1.3631e-01
-1.1559e-01
-9.2311e-02
-6.4402e-02
-3.5269e-02
-7.3261e-03
2.2215e-02
5.4606e-02
8.6280e-02
1.1190e-01
1.3316e-01
1.5465e-01
1.7489e-01
1.9275e-01
2.0691e-01
2.1828e-01
2.2998e-01
2.4307e-01
2.5788e-01
2.7355e-01
2.8857e-01
3.0294e-01
3.1754e-01
3.3141e-01
3.4285e-01
3.5128e-01
3.5580e-01
3.5656e-01
3.5289e-01
3.4090e-01
3.1565e-01
2.8516e-01
2.5839e-01
2.3817e-01
2.2936e-01
2.2454e-01
2.1523e-01
2.0296e-01
1.9119e-01
1.7788e-01
1.5934e-01
1.3536e-01
1.1145e-01
9.0344e-02
7.2533e-02
5.7021e-02
4.3429e-02
3.3104e-02
2.7293e-02
2.6667e-02
3.0143e-02
4.3537e-02
6.9223e-02
9.9891e-02
1.2979e-01
1.5783e-01
1.8544e-01
2.1360e-01
2.4276e-01
2.7219e-01
2.9930e-01
3.2816e-01
3.6442e-01
4.0360e-01
4.4069e-01
4.6637e-01
4.6997e-01
4.5241e-01
4.1940e-01
3.8152e-01
3.4647e-01
3.1297e-01
2.7662e-01
2.3564e-01
1.8921e-01
1.4064e-01
1.0253e-01
7.3304e-02
4.1816e-02
5.8472e-03
-2.7405e-02
-5.4402e-02
-8.0182e-02
-1.0505e-01
-1.2828e-01
-1.5036e-01
-1.6957e-01
-1.8689e-01
-2.0477e-01
-2.2413e-01
-2.4498e-01
-2.6684e-01
-2.8833e-01
-3.0920e-01
-3.2952e-01
-3.4836e-01
-3.6282e-01
-3.7250e-01
-3.7029e-01
-3.5059e-01
-3.2360e-01
-3.0146e-01
-2.8430e-01
-2.6858e-01
-2.5283e-01
-2.2894e-01
-1.9382e-01
-1.5006e-01
-1.0207e-01
-5.4078e-02
-9.2609e-03
2.5426e-02
4.9730e-02
6.2557e-02
6.7007e-02
6.7290e-02
6.3749e-02
5.7060e-02
4.9030e-02
4.0139e-02
2.8990e-02
1.6274e-02
3.8150e-03
-7.9732e-03
-1.9921e-02
-3.2224e-02
-4.2153e-02
-4.8790e-02
-5.2784e-02
-5.2943e-02
-4.3979e-02
-2.7554e-02
-5.0376e-03
2.8668e-02
7.1054e-02
1.0779e-01
1.3218e-01
1.5419e-01
1.7992e-01
2.0066e-01
2.1100e-01
2.1036e-01
2.0248e-01
1.9132e-01
1.8028e-01
1.6932e-01
1.6080e-01
1.5424e-01
1.4816e-01
1.4273e-01
1.3893e-01
1.3720e-01
1.3706e-01
1.3812e-01
1.4092e-01
1.4670e-01
1.5827e-01
1.7276e-01
1.8580e-01
1.9800e-01
2.1155e-01
2.2435e-01
2.3277e-01
2.3762e-01
2.3940e-01
2.3725e-01
2.2833e-01
2.1186e-01
1.9005e-01
1.6471e-01
1.4085e-01
1.2201e-01
1.0587e-01
8.8510e-02
7.1034e-02
5.6917e-02
4.4729e-02
3.1530e-02
1.6161e-02
9.1661e-04
-1.3689e-02
-3.1223e-02
-5.4764e-02
-8.2807e-02
-1.1646e-01
-1.5219e-01
-1.8409e-01
-2.1604e-01
-2.5596e-01
-3.0124e-01
-3.4503e-01
-3.8660e-01
-4.2512e-01
-4.5356e-01
-4.7591e-01
-4.9464e-01
-5.0689e-01
-5.1375e-01
-5.1806e-01
-5.2146e-01
-5.2387e-01
-5.2488e-01
-5.2411e-01
-5.2001e-01
-5.1154e-01
-4.9721e-01
-4.7872e-01
-4.5817e-01
-4.3523e-01
-4.0396e-01
-3.6665e-01
-3.2849e-01
-2.8620e-01
-2.4230e-01
-2.0242e-01
-1.6774e-01
-1.3320e-01
-9.7347e-02
-6.3068e-02
-3.1968e-02
-2.6247e-03
2.4373e-02
4.0539e-02
4.3958e-02
4.0854e-02
3.1365e-02
1.5417e-02
-1.1156e-03
-1.5504e-02
-2.4402e-02
-2.4556e-02
-1.8863e-02
-1.0871e-02
-4.4924e-04
1.3137e-02
2.8702e-02
4.4820e-02
6.0008e-02
7.0945e-02
7.6467e-02
7.9767e-02
8.2617e-02
8.4196e-02
8.3071e-02
7.8598e-02
7.1274e-02
6.1469e-02
4.7560e-02
3.0271e-02
1.1827e-02
-6.3700e-03
-2.2405e-02
-3.5971e-02
-4.5926e-02
-4.8399e-02
-4.0572e-02
-2.2278e-02
2.4525e-03
3.0187e-02
5.8123e-02
8.4946e-02
1.0746e-01
1.2632e-01
1.4019e-01
1.4660e-01
1.4265e-01
1.2858e-01
1.0780e-01
8.3369e-02
5.4047e-02
1.5516e-02
-2.7595e-02
-6.8846e-02
-1.0659e-01
-1.4064e-01
-1.7444e-01
-2.1028e-01
-2.4701e-01
-2.8282e-01
-3.1671e-01
-3.4812e-01
-3.7479e-01
-3.9725e-01
-4.1941e-01
-4.3772e-01
-4.4312e-01
-4.3505e-01
-4.1582e-01
-3.8675e-01
-3.4497e-01
-2.8978e-01
-2.2591e-01
-1.6247e-01
-1.0494e-01
-5.1094e-02
6.9120e-03
7.3215e-02
1.4491e-01
2.0436e-01
2.3553e-01
2.4685e-01
2.4875e-01
2.4555e-01
2.3768e-01
2.2591e-01
2.1126e-01
1.9712e-01
1.8622e-01
1.7885e-01
1.7441e-01
1.7748e-01
1.9277e-01
2.1647e-01
2.4416e-01
2.7803e-01
3.2127e-01
3.7106e-01
4.1709e-01
4.5569e-01
4.9139e-01
5.3053e-01
5.6313e-01
5.8046e-01
5.8832e-01
5.9119e-01
5.8345e-01
5.5948e-01
5.2739e-01
4.9187e-01
4.5240e-01
4.0823e-01
3.6196e-01
3.1633e-01
2.7300e-01
2.3353e-01
1.8981e-01
1.3938e-01
8.8632e-02
4.0532e-02
-7.1139e-03
-5.2751e-02
-9.3544e-02
-1.3515e-01
-1.7719e-01
-2.1272e-01
-2.4377e-01
-2.7746e-01
-3.1160e-01
-3.4163e-01
-3.6364e-01
-3.7467e-01
-3.7533e-01
-3.6337e-01
-3.3931e-01
-3.0902e-01
-2.7737e-01
-2.4700e-01
-2.1524e-01
-1.7988e-01
-1.4347e-01
-1.0806e-01
-7.1621e-02
-3.3107e-02
5.7625e-03
4.4022e-02
8.1020e-02
1.1285e-01
1.3784e-01
1.5500e-01
1.6592e-01
1.7129e-01
1.7053e-01
1.6547e-01
1.5636e-01
1.4528e-01
1.3473e-01
1.2465e-01
1.1402e-01
1.0294e-01
9.3671e-02
8.7406e-02
8.4193e-02
8.3938e-02
8.5347e-02
8.6209e-02
8.6303e-02
8.6503e-02
8.5730e-02
8.2013e-02
7.4213e-02
6.0165e-02
4.2584e-02
2.5816e-02
1.0634e-02
-4.7603e-03
-2.1420e-02
-3.8801e-02
-5.6005e-02
-7.1802e-02
-8.5354e-02
-9.7932e-02
-1.1084e-01
-1.2417e-01
-1.3669e-01
-1.4831e-01
-1.6036e-01
-1.7128e-01
-1.7897e-01
-1.8219e-01
-1.8145e-01
-1.7610e-01
-1.6554e-01
-1.5007e-01
-1.3090e-01
-1.1038e-01
-9.0210e-02
-7.0582e-02
-5.4500e-02
-4.2002e-02
-3.1764e-02
-2.4202e-02
-2.0881e-02
-2.1570e-02
-2.6416e-02
-3.5478e-02
-4.9646e-02
-6.9677e-02
-8.9852e-02
-1.0627e-01
-1.2106e-01
-1.3289e-01
-1.3604e-01
-1.2960e-01
-1.1726e-01
-1.0215e-01
-8.3285e-02
-6.4198e-02
-4.8358e-02
-3.4353e-02
-2.0158e-02
-6.9086e-03
5.5850e-03
1.8742e-02
3.2670e-02
4.6685e-02
5.8372e-02
6.6764e-02
7.1685e-02
7.2833e-02
7.0078e-02
6.3770e-02
5.4543e-02
4.3747e-02
3.0411e-02
9.4575e-03
-1.9958e-02
-5.2851e-02
-8.8161e-02
-1.2724e-01
-1.6737e-01
-2.0584e-01
-2.3846e-01
-2.6794e-01
-2.9473e-01
-3.1313e-01
-3.2446e-01
-3.3282e-01
-3.3994e-01
-3.4326e-01
-3.3900e-01
-3.2736e-01
-3.1273e-01
-2.9665e-01
-2.7447e-01
-2.4775e-01
-2.2169e-01
-1.9830e-01
-1.8009e-01
-1.6775e-01
-1.6285e-01
-1.6245e-01
-1.6195e-01
-1.6008e-01
-1.5777e-01
-1.5564e-01
-1.5311e-01
-1.4959e-01
-1.4524e-01
-1.3972e-01
-1.3193e-01
-1.2080e-01
-1.0587e-01
-8.6244e-02
-6.5457e-02
-4.8726e-02
-3.8551e-02
-3.5755e-02
-4.0834e-02
-5.1277e-02
-6.6231e-02
-8.3038e-02
-1.0035e-01
-1.2045e-01
-1.3780e-01
-1.4771e-01
-1.5300e-01
-1.5672e-01
-1.5623e-01
-1.4434e-01
-1.2103e-01
-9.3877e-02
-6.6854e-02
-3.7724e-02
-5.0235e-03
3.2987e-02
7.7043e-02
1.2058e-01
1.5823e-01
1.8350e-01
1.9974e-01
2.1350e-01
2.2451e-01
2.3097e-01
2.3168e-01
2.2722e-01
2.1497e-01
1.9650e-01
1.7542e-01
1.5740e-01
1.4807e-01
1.4739e-01
1.4981e-01
1.5633e-01
1.6814e-01
1.8436e-01
2.0172e-01
2.1842e-01
2.3399e-01
2.4854e-01
2.6091e-01
2.7258e-01
2.8294e-01
2.8614e-01
2.7658e-01
2.5328e-01
2.2348e-01
1.9576e-01
1.6603e-01
1.2706e-01
8.3995e-02
4.6506e-02
1.4474e-02
-1.8327e-02
-5.2740e-02
-8.2861e-02
-1.0757e-01
-1.2856e-01
-1.4235e-01
-1.4686e-01
-1.4743e-01
-1.4443e-01
-1.3634e-01
-1.2258e-01
-1.0583e-01
-8.8390e-02
-6.9455e-02
-5.0648e-02
-3.4923e-02
-2.0263e-02
-4.2856e-03
1.2332e-02
2.8084e-02
4.3019e-02
5.7786e-02
7.2139e-02
8.4252e-02
9.0534e-02
9.2738e-02
9.1883e-02
8.8418e-02
8.2676e-02
7.5439e-02
6.7475e-02
5.9006e-02
4.9745e-02
3.8737e-02
2.4338e-02
8.6634e-03
-6.5961e-03
-2.2971e-02
-3.9450e-02
-5.4461e-02
-6.7932e-02
-7.9132e-02
-8.7566e-02
-9.3922e-02
-9.8364e-02
-1.0001e-01
-9.8919e-02
-9.5820e-02
-8.9975e-02
-7.8118e-02
-6.0558e-02
-3.6536e-02
-8.0886e-03
2.1501e-02
5.1710e-02
8.2433e-02
1.1124e-01
1.3500e-01
1.5345e-01
1.6682e-01
1.7296e-01
1.7076e-01
1.6416e-01
1.5314e-01
1.3714e-01
1.1734e-01
9.5865e-02
7.6429e-02
5.9792e-02
4.4686e-02
2.9610e-02
1.4428e-02
-1.1928e-04
-1.2402e-02
-2.1663e-02
-2.7905e-02
-3.1805e-02
-3.3449e-02
-3.1539e-02
-2.4772e-02
-1.2972e-02
7.9405e-04
1.3837e-02
2.5668e-02
3.6769e-02
4.5701e-02
5.1220e-02
5.3041e-02
5.0763e-02
4.5084e-02
3.6447e-02
2.4409e-02
1.1590e-02
-4.3532e-04
-1.2276e-02
-2.3707e-02
-3.4243e-02
-4.3625e-02
-4.9461e-02
-5.0191e-02
-4.5191e-02
-3.5122e-02
-2.0884e-02
-3.9289e-03
1.4430e-02
3.0627e-02
4.4202e-02
5.5532e-02
6.1584e-02
6.1104e-02
5.5011e-02
4.4004e-02
2.8697e-02
1.0736e-02
-7.3951e-03
-2.3210e-02
-3.7428e-02
-5.0952e-02
-6.0241e-02
-6.4372e-02
-6.2633e-02
-5.4661e-02
-4.1089e-02
-2.3977e-02
-6.1852e-03
1.0904e-02
2.7062e-02
4.1930e-02
5.5533e-02
6.7569e-02
7.6438e-02
8.2040e-02
8.2710e-02
7.6824e-02
6.2758e-02
4.2607e-02
2.0248e-02
-1.7470e-03
-2.1205e-02
-3.8454e-02
-5.4246e-02
-6.8050e-02
-7.8224e-02
-8.2460e-02
-8.1808e-02
-7.6817e-02
-6.7127e-02
-5.3997e-02
-4.0189e-02
-2.6981e-02
-1.3999e-02
-2.0051e-03
7.3267e-03
1.4850e-02
2.1738e-02
2.8728e-02
3.5504e-02
4.0959e-02
4.4342e-02
4.5461e-02
4.4449e-02
4.1007e-02
3.4314e-02
2.5327e-02
1.5153e-02
3.3689e-03
-9.6433e-03
-2.1984e-02
-3.2035e-02
-3.9126e-02
-4.2184e-02
-4.2826e-02
-4.2122e-02
-3.9837e-02
-3.5789e-02
-2.9337e-02
-2.2416e-02
-1.7460e-02
-1.3098e-02
-7.2072e-03
1.4869e-03
1.1721e-02
2.2407e-02
3.2869e-02
4.3008e-02
5.1987e-02
5.8928e-02
6.1727e-02
6.0253e-02
5.2968e-02
4.0736e-02
2.0647e-02
-6.3235e-03
-3.0429e-02
-5.0164e-02
-6.9159e-02
-8.4484e-02
-9.5712e-02
-1.0368e-01
-1.0783e-01
-1.0843e-01
-1.0492e-01
-9.7513e-02
-8.6528e-02
-7.2641e-02
-5.6772e-02
-3.7043e-02
-1.3446e-02
1.0634e-02
3.0425e-02
4.5082e-02
5.7478e-02
6.6253e-02
6.8226e-02
6.5622e-02
5.9644e-02
5.0486e-02
3.9264e-02
2.9830e-02
2.3822e-02
1.9992e-02
1.6323e-02
1.1917e-02
6.0202e-03
-2.0290e-03
-1.2213e-02
-2.3531e-02
-3.4120e-02
-4.2793e-02
-5.0516e-02
-5.7142e-02
-5.9880e-02
-5.7989e-02
-5.2793e-02
-4.4923e-02
-3.4851e-02
-2.3989e-02
-1.4142e-02
-6.2428e-03
5.4400e-04
6.7730e-03
1.1733e-02
1.5370e-02
1.9067e-02
2.3921e-02
3.0224e-02
3.8592e-02
4.9738e-02
6.4188e-02
8.0249e-02
9.6145e-02
1.1126e-01
1.2587e-01
1.3869e-01
1.4587e-01
1.4647e-01
1.4297e-01
1.3169e-01
1.1294e-01
9.0544e-02
6.7669e-02
4.6451e-02
2.6656e-02
4.6528e-03
-1.7784e-02
-3.7096e-02
-5.4260e-02
-7.0430e-02
-8.4521e-02
-9.4560e-02
-1.0002e-01
-1.0093e-01
-9.8375e-02
-8.8922e-02
-7.4213e-02
-5.5394e-02
-3.3286e-02
-1.0391e-02
1.0804e-02
2.9860e-02
4.7061e-02
6.1561e-02
6.9849e-02
6.9057e-02
6.1376e-02
4.9904e-02
3.4340e-02
1.5318e-02
-4.0072e-03
-2.2524e-02
-4.1715e-02
-5.8284e-02
-7.0255e-02
-7.6595e-02
-7.9277e-02
-7.6075e-02
-6.3516e-02
-4.5598e-02
-2.5682e-02
-1.2908e-03
2.8738e-02
5.6127e-02
7.8164e-02
9.6313e-02
1.0902e-01
1.1434e-01
1.1223e-01
1.0280e-01
8.6533e-02
6.5222e-02
4.0969e-02
1.1758e-02
-1.8573e-02
-4.4091e-02
-6.5784e-02
-8.9924e-02
-1.0770e-01
-1.1457e-01
-1.1230e-01
-1.0308e-01
-8.5894e-02
-6.4566e-02
-4.1660e-02
-1.9042e-02
-2.8712e-04
1.4755e-02
2.6922e-02
3.6936e-02
4.3651e-02
4.6857e-02
4.7045e-02
4.5119e-02
4.1499e-02
3.7122e-02
3.2185e-02
2.5914e-02
1.8388e-02
1.0297e-02
2.2122e-03
-6.1074e-03
-1.5072e-02
-2.3610e-02
-3.0774e-02
-3.6242e-02
-3.9990e-02
-4.2013e-02
-4.1952e-02
-4.0377e-02
-3.7377e-02
-3.3865e-02
-3.0587e-02
-2.7178e-02
-2.3418e-02
-1.9882e-02
-1.7052e-02
-1.4807e-02
-1.2371e-02
-9.8692e-03
-8.4012e-03
-8.5349e-03
-1.0485e-02
-1.3912e-02
-1.8707e-02
-2.5497e-02
-3.3551e-02
-4.1883e-02
-5.0317e-02
-5.8371e-02
-6.5107e-02
-6.9414e-02
-7.1074e-02
-7.0014e-02
-6.6734e-02
-6.1641e-02
-5.3868e-02
-4.3462e-02
-3.1945e-02
-1.8321e-02
-1.6336e-05
2.0136e-02
3.8942e-02
5.5815e-02
7.1545e-02
8.3667e-02
9.2608e-02
9.6955e-02
9.7330e-02
9.3795e-02
8.6686e-02
7.7266e-02
6.8766e-02
6.2115e-02
5.6295e-02
5.1093e-02
4.6589e-02
4.3325e-02
4.0525e-02
3.7124e-02
3.2370e-02
2.6493e-02
1.9813e-02
1.2570e-02
5.3138e-03
-8.8065e-04
-5.2954e-03
-7.8944e-03
-8.4996e-03
-7.6182e-03
-4.9270e-03
-7.1650e-04
4.2696e-03
9.0339e-03
1.3641e-02
1.8793e-02
2.5140e-02
3.3091e-02
4.2478e-02
5.2411e-02
6.1773e-02
7.1082e-02
8.1382e-02
9.1641e-02
1.0036e-01
1.0732e-01
1.1289e-01
1.1673e-01
1.1820e-01
1.1652e-01
1.1136e-01
1.0268e-01
8.9526e-02
7.3929e-02
5.8454e-02
4.2221e-02
2.6117e-02
1.2296e-02
2.5037e-03
-4.7800e-03
-1.0452e-02
-1.2599e-02
-9.5071e-03
1.1065e-03
1.7028e-02
3.2011e-02
4.5911e-02
6.2482e-02
8.0120e-02
9.5660e-02
1.0774e-01
1.1761e-01
1.2544e-01
1.3103e-01
1.3339e-01
1.3265e-01
1.2934e-01
1.2422e-01
1.1775e-01
1.1005e-01
1.0153e-01
9.2867e-02
8.5385e-02
7.9177e-02
7.3758e-02
6.9373e-02
6.6072e-02
6.3987e-02
6.2793e-02
6.2016e-02
6.0615e-02
5.8229e-02
5.5093e-02
5.1631e-02
4.7838e-02
4.4222e-02
4.1175e-02
3.8894e-02
3.8091e-02
3.9340e-02
4.3158e-02
4.8865e-02
5.6632e-02
6.5392e-02
7.3951e-02
8.1533e-02
8.8107e-02
9.2057e-02
9.2707e-02
9.0231e-02
8.5000e-02
7.6616e-02
6.4688e-02
5.1954e-02
4.0984e-02
3.0978e-02
2.0508e-02
9.5803e-03
-1.1023e-03
-1.1194e-02
-2.0805e-02
-2.9721e-02
-3.7668e-02
-4.4461e-02
-5.0700e-02
-5.6891e-02
-6.2310e-02
-6.6282e-02
-6.8643e-02
-7.0156e-02
-7.1012e-02
-7.0032e-02
-6.7192e-02
-6.3898e-02
-6.0932e-02
-5.8154e-02
-5.6445e-02
-5.5961e-02
-5.6237e-02
-5.6689e-02
-5.7128e-02
-5.7607e-02
-5.7760e-02
-5.6616e-02
-5.4003e-02
-5.0198e-02
-4.7780e-02
-4.7494e-02
-4.8316e-02
-4.9278e-02
-5.0466e-02
-5.2306e-02
-5.4981e-02
-5.8491e-02
-6.2473e-02
-6.6671e-02
-7.0238e-02
-7.2678e-02
-7.1550e-02
-6.5517e-02
-5.4328e-02
-3.9948e-02
-2.4212e-02
-7.0370e-03
1.3199e-02
3.3334e-02
4.9913e-02
6.2035e-02
7.1716e-02
7.9069e-02
8.4763e-02
8.8255e-02
8.9606e-02
8.9770e-02
8.9477e-02
8.8889e-02
8.7876e-02
8.6230e-02
8.3907e-02
8.0872e-02
7.6899e-02
7.1503e-02
6.5115e-02
5.8071e-02
5.0061e-02
4.2483e-02
3.5666e-02
2.6698e-02
1.6302e-02
7.3232e-03
9.9817e-04
-4.2040e-03
-9.4799e-03
-1.3280e-02
-1.3863e-02
-1.0470e-02
-4.2703e-03
3.8002e-03
1.4373e-02
2.8319e-02
4.4187e-02
6.0032e-02
7.4538e-02
8.7452e-02
9.7946e-02
1.0511e-01
1.0762e-01
1.0622e-01
1.0160e-01
9.4014e-02
8.3189e-02
7.0666e-02
5.8302e-02
4.6690e-02
3.6256e-02
2.7037e-02
1.9038e-02
1.2436e-02
7.2947e-03
3.2479e-03
3.9949e-05
-1.5587e-03
-7.2314e-04
2.4551e-03
7.5931e-03
1.4041e-02
2.1389e-02
2.8560e-02
3.4469e-02
3.8902e-02
4.1873e-02
4.2849e-02
4.2336e-02
4.0468e-02
3.7338e-02
3.3100e-02
2.7776e-02
2.1689e-02
1.5127e-02
8.2156e-03
8.8839e-04
-7.0578e-03
-1.5691e-02
-2.4875e-02
-3.4289e-02
-4.3417e-02
-5.1800e-02
-5.8416e-02
-6.3682e-02
-6.7995e-02
-7.0390e-02
-7.0125e-02
-6.7724e-02
-6.4770e-02
-6.2199e-02
-5.9831e-02
-5.7263e-02
-5.4696e-02
-5.2178e-02
-4.9448e-02
-4.6368e-02
-4.3084e-02
-4.0119e-02
-3.7469e-02
-3.4822e-02
-3.2352e-02
-3.0337e-02
-2.8740e-02
-2.7458e-02
-2.6548e-02
-2.6098e-02
-2.6078e-02
-2.6338e-02
-2.7602e-02
-3.1538e-02
-3.6573e-02
-4.0765e-02
-4.4744e-02
-4.9102e-02
-5.3300e-02
-5.6473e-02
-5.8377e-02
-5.9060e-02
-5.8611e-02
-5.6526e-02
-5.2444e-02
-4.6690e-02
-3.9722e-02
-3.2032e-02
-2.3717e-02
-1.6197e-02
-9.9180e-03
-4.3941e-03
1.0481e-03
6.3531e-03
1.0169e-02
1.1834e-02
1.2239e-02
1.1883e-02
1.0189e-02
7.0352e-03
2.8810e-03
-1.5461e-03
-5.7547e-03
-9.5372e-03
-1.2427e-02
-1.4423e-02
-1.5190e-02
-1.4254e-02
-1.1175e-02
-6.6777e-03
-1.2986e-03
7.0502e-03
1.7254e-02
2.6524e-02
3.4669e-02
4.2573e-02
4.8931e-02
5.3105e-02
5.4457e-02
5.3603e-02
5.0661e-02
4.5676e-02
3.9258e-02
3.2376e-02
2.5815e-02
1.9881e-02
1.5331e-02
1.2433e-02
1.1267e-02
1.1549e-02
1.2899e-02
1.6286e-02
2.1575e-02
2.7629e-02
3.1620e-02
3.3060e-02
3.2446e-02
2.9643e-02
2.3640e-02
1.5082e-02
4.7982e-03
-7.4495e-03
-2.0123e-02
-3.1677e-02
-4.1938e-02
-5.2704e-02
-6.4507e-02
-7.3757e-02
-7.9270e-02
-8.1105e-02
-7.8768e-02
-7.1774e-02
-5.9728e-02
-4.4755e-02
-2.8914e-02
-1.1831e-02
8.0660e-03
2.6715e-02
4.2184e-02
5.7107e-02
7.2563e-02
8.4048e-02
9.0521e-02
9.2741e-02
9.2505e-02
8.9781e-02
8.4643e-02
7.7733e-02
6.9791e-02
6.1919e-02
5.4911e-02
4.9924e-02
4.6522e-02
4.3713e-02
4.0003e-02
3.4696e-02
2.6570e-02
1.6355e-02
5.6140e-03
-5.6897e-03
-1.8808e-02
-3.4538e-02
-5.0476e-02
-6.4836e-02
-7.7712e-02
-8.9051e-02
-9.8513e-02
-1.0534e-01
-1.0891e-01
-1.0928e-01
-1.0592e-01
-9.8417e-02
-8.6621e-02
-7.2576e-02
-5.7882e-02
-4.1692e-02
-2.5126e-02
-1.2841e-02
-3.6639e-03
5.1274e-03
1.3342e-02
1.8829e-02
2.1509e-02
2.2233e-02
2.1554e-02
1.9972e-02
1.7729e-02
1.5283e-02
1.3144e-02
1.2941e-02
1.4707e-02
1.7635e-02
2.1191e-02
2.5224e-02
2.9837e-02
3.3579e-02
3.4652e-02
3.2887e-02
2.8688e-02
2.2381e-02
1.5240e-02
8.2722e-03
1.1159e-03
-6.4417e-03
-1.3613e-02
-1.9941e-02
-2.5350e-02
-2.8868e-02
-3.0404e-02
-3.0361e-02
-2.8590e-02
-2.4421e-02
-1.7247e-02
-8.1736e-03
1.5672e-03
1.1478e-02
2.1713e-02
3.0362e-02
3.6160e-02
3.7966e-02
3.4895e-02
2.7504e-02
1.7078e-02
3.9925e-03
-9.3518e-03
-2.2675e-02
-3.6978e-02
-4.8405e-02
-5.6429e-02
-6.2819e-02
-6.7593e-02
-6.9569e-02
-6.7485e-02
-6.2215e-02
-5.3606e-02
-4.3190e-02
-3.2419e-02
-2.0600e-02
-7.2897e-03
6.1852e-03
1.7926e-02
2.8171e-02
3.6347e-02
4.2104e-02
4.4001e-02
4.2881e-02
3.9515e-02
3.4439e-02
2.8095e-02
2.0983e-02
1.4046e-02
7.8289e-03
2.3595e-03
-2.4845e-03
-6.4875e-03
-9.2556e-03
-1.0981e-02
-1.1678e-02
-1.1504e-02
-1.0575e-02
-8.9739e-03
-6.8659e-03
-4.1279e-03
-1.3348e-03
7.6755e-04
2.4617e-03
4.1478e-03
5.5102e-03
6.0740e-03
5.5952e-03
3.8631e-03
6.6852e-04
-4.0882e-03
-9.7738e-03
-1.5846e-02
-2.2082e-02
-2.8312e-02
-3.4129e-02
-4.0030e-02
-4.6463e-02
-5.2826e-02
-5.8777e-02
-6.4510e-02
-7.0021e-02
-7.5141e-02
-7.9682e-02
-8.4080e-02
-8.8746e-02
-9.3462e-02
-9.7842e-02
-1.0169e-01
-1.0538e-01
-1.0906e-01
-1.1163e-01
-1.1288e-01
-1.1283e-01
-1.1115e-01
-1.0747e-01
-1.0108e-01
-9.2250e-02
-8.0234e-02
-6.6995e-02
-5.4550e-02
-4.2736e-02
-3.1432e-02
-2.0805e-02
-1.0220e-02
-3.3088e-05
8.8705e-03
1.5079e-02
1.8022e-02
1.8144e-02
1.5181e-02
8.7191e-03
-1.2373e-03
-1.1280e-02
-1.8918e-02
-2.4435e-02
-2.9339e-02
-3.3525e-02
-3.5273e-02
-3.3653e-02
-2.8539e-02
-2.1548e-02
-1.4096e-02
-7.0615e-03
-8.8954e-05
7.6372e-03
1.5338e-02
2.1662e-02
2.7292e-02
3.2087e-02
3.5415e-02
3.7588e-02
3.8686e-02
3.7949e-02
3.5341e-02
3.1350e-02
2.6185e-02
2.0737e-02
1.5892e-02
1.1492e-02
7.1654e-03
3.6589e-03
1.4391e-03
5.1439e-04
7.0868e-04
1.6577e-03
2.9592e-03
4.1870e-03
5.0770e-03
5.1648e-03
4.1875e-03
1.9476e-03
-1.2100e-03
-5.2906e-03
-1.0545e-02
-1.6646e-02
-2.2752e-02
-2.8473e-02
-3.3932e-02
-3.9133e-02
-4.3796e-02
-4.7478e-02
-4.9797e-02
-5.0522e-02
-4.9106e-02
-4.5859e-02
-4.1437e-02
-3.6122e-02
-3.0443e-02
-2.5749e-02
-2.2243e-02
-2.0283e-02
-2.0561e-02
-2.3303e-02
-2.8060e-02
-3.3919e-02
-4.0428e-02
-4.6869e-02
-5.2895e-02
-5.8418e-02
-6.3145e-02
-6.6639e-02
-6.7839e-02
-6.6985e-02
-6.3825e-02
-5.7897e-02
-4.9290e-02
-3.8877e-02
-2.8288e-02
-1.8686e-02
-1.0775e-02
-5.2760e-03
-2.1939e-03
-1.7894e-03
-5.0151e-03
-1.0937e-02
-1.8147e-02
-2.5060e-02
-3.0911e-02
-3.5122e-02
-3.7802e-02
-3.9360e-02
-4.0107e-02
-3.9853e-02
-3.8237e-02
-3.5471e-02
-3.2029e-02
-2.8290e-02
-2.4533e-02
-2.1244e-02
-1.8185e-02
-1.5006e-02
-1.2084e-02
-9.7775e-03
-8.6259e-03
-8.4568e-03
-8.9424e-03
-1.0249e-02
-1.2404e-02
-1.5639e-02
-1.8714e-02
-2.0586e-02
-2.2421e-02
-2.4948e-02
-2.7393e-02
-2.8397e-02
-2.7570e-02
-2.5060e-02
-2.1460e-02
-1.7556e-02
-1.3532e-02
-9.1322e-03
-4.0663e-03
1.1987e-03
5.5574e-03
9.4749e-03
1.3891e-02
1.8383e-02
2.2407e-02
2.6082e-02
2.9162e-02
3.1064e-02
3.1378e-02
2.9965e-02
2.6989e-02
2.3044e-02
1.8409e-02
1.3102e-02
7.2333e-03
1.1094e-03
-4.7781e-03
-1.0115e-02
-1.4490e-02
-1.8549e-02
-2.3199e-02
-2.7638e-02
-3.0911e-02
-3.3334e-02
-3.5833e-02
-3.8862e-02
-4.2350e-02
-4.6219e-02
-5.0771e-02
-5.5717e-02
-6.0621e-02
-6.5229e-02
-6.9412e-02
-7.2767e-02
-7.4672e-02
-7.4771e-02
-7.2496e-02
-6.8192e-02
-6.2282e-02
-5.4448e-02
-4.3979e-02
-3.0576e-02
-1.6192e-02
-2.8157e-03
9.8757e-03
2.2643e-02
3.5536e-02
4.7572e-02
5.8269e-02
6.7189e-02
7.4400e-02
7.9731e-02
8.3560e-02
8.6101e-02
8.7579e-02
8.8027e-02
8.7406e-02
8.6026e-02
8.4281e-02
8.2701e-02
8.1810e-02
8.2385e-02
8.4098e-02
8.6286e-02
8.8747e-02
9.1072e-02
9.2377e-02
9.1220e-02
8.7009e-02
8.0018e-02
7.1678e-02
6.2812e-02
5.3184e-02
4.2752e-02
3.2282e-02
2.2804e-02
1.4740e-02
8.3661e-03
3.7051e-03
1.0015e-03
1.0295e-04
4.4621e-04
2.5254e-03
6.0149e-03
1.0056e-02
1.3521e-02
1.6127e-02
1.8267e-02
1.9147e-02
1.7433e-02
1.4172e-02
1.0418e-02
6.1225e-03
1.5498e-03
-2.5904e-03
-5.5442e-03
-7.3757e-03
-8.5377e-03
-8.7139e-03
-6.8475e-03
-2.7120e-03
2.6960e-03
8.6545e-03
1.4632e-02
2.0242e-02
2.4486e-02
2.6642e-02
2.6381e-02
2.4289e-02
1.9672e-02
1.2257e-02
2.8979e-03
-6.0183e-03
-1.3562e-02
-2.0252e-02
-2.5921e-02
-3.0789e-02
-3.4773e-02
-3.6833e-02
-3.6319e-02
-3.3242e-02
-2.8469e-02
-2.1552e-02
-1.3021e-02
-3.8492e-03
5.4699e-03
1.3953e-02
1.9358e-02
2.3369e-02
2.7125e-02
2.7799e-02
2.4719e-02
1.9449e-02
1.3347e-02
6.9662e-03
2.8396e-04
-6.5329e-03
-1.2830e-02
-1.7543e-02
-2.1300e-02
-2.4830e-02
-2.7265e-02
-2.7812e-02
-2.6363e-02
-2.3850e-02
-2.1072e-02
-1.8558e-02
-1.6287e-02
-1.4679e-02
-1.3636e-02
-1.3754e-02
-1.4729e-02
-1.5820e-02
-1.6972e-02
-1.8350e-02
-1.9693e-02
-2.0678e-02
-2.1121e-02
-2.1021e-02
-2.0464e-02
-1.8835e-02
-1.6605e-02
-1.4657e-02
-1.2593e-02
-9.8745e-03
-6.2594e-03
-2.6737e-03
-1.2342e-04
1.6010e-03
2.9635e-03
3.8006e-03
4.3654e-03
5.1321e-03
5.2200e-03
3.9685e-03
2.4824e-03
1.4057e-03
3.5585e-04
-1.1293e-03
-3.0590e-03
-5.0564e-03
-6.4119e-03
-6.4973e-03
-4.9659e-03
-2.1289e-03
1.5865e-03
6.4564e-03
1.3128e-02
1.9232e-02
2.3679e-02
2.7891e-02
3.2409e-02
3.6406e-02
3.9982e-02
4.3509e-02
4.6548e-02
4.8948e-02
5.0730e-02
5.1703e-02
5.1592e-02
4.9709e-02
4.6199e-02
4.0638e-02
3.2567e-02
2.2560e-02
1.3172e-02
4.9319e-03
-3.1260e-03
-1.1272e-02
-1.8995e-02
-2.5793e-02
-3.1509e-02
-3.6021e-02
-3.9211e-02
-4.1004e-02
-4.1102e-02
-3.9681e-02
-3.6571e-02
-3.1954e-02
-2.6419e-02
-2.0562e-02
-1.4310e-02
-7.3535e-03
-1.1169e-03
3.8532e-03
8.3211e-03
1.2621e-02
1.5857e-02
1.7429e-02
1.7475e-02
1.6080e-02
1.3797e-02
1.0677e-02
6.9687e-03
2.9812e-03
-1.1606e-03
-5.2191e-03
-8.8526e-03
-1.1712e-02
-1.3818e-02
-1.5331e-02
-1.6059e-02
-1.5519e-02
-1.4275e-02
-1.2567e-02
-9.9475e-03
-6.4436e-03
-2.4980e-03
1.3328e-03
4.7613e-03
7.8349e-03
1.0451e-02
1.1653e-02
1.1030e-02
8.6053e-03
4.9273e-03
5.8369e-04
-4.6596e-03
-1.0678e-02
-1.6961e-02
-2.2823e-02
-2.8373e-02
-3.4308e-02
-4.0285e-02
-4.5509e-02
-4.9189e-02
-5.1828e-02
-5.4147e-02
-5.5999e-02
-5.7024e-02
-5.7148e-02
-5.6696e-02
-5.5803e-02
-5.4860e-02
-5.4027e-02
-5.3158e-02
-5.1613e-02
-4.8736e-02
-4.4385e-02
-3.8847e-02
-3.0699e-02
-2.0852e-02
-1.0741e-02
-1.2836e-03
6.7793e-03
1.3857e-02
2.0071e-02
2.4435e-02
2.6833e-02
2.7033e-02
2.5642e-02
2.3316e-02
2.0486e-02
1.6959e-02
1.2107e-02
5.9032e-03
-1.1803e-03
-8.5233e-03
-1.5686e-02
-2.2396e-02
-2.7719e-02
-3.1442e-02
-3.2587e-02
-3.0686e-02
-2.5574e-02
-1.8426e-02
-1.0279e-02
-4.3931e-05
1.0365e-02
1.7838e-02
2.4092e-02
3.0717e-02
3.6102e-02
3.9989e-02
4.1943e-02
4.2319e-02
4.1733e-02
4.0468e-02
3.8201e-02
3.4405e-02
2.9754e-02
2.5283e-02
2.1849e-02
1.9587e-02
1.8528e-02
1.8620e-02
2.0345e-02
2.3865e-02
2.8248e-02
3.1951e-02
3.4458e-02
3.5684e-02
3.4654e-02
3.1067e-02
2.5238e-02
1.8210e-02
1.0593e-02
2.4437e-03
-5.7983e-03
-1.3396e-02
-1.9695e-02
-2.4617e-02
-2.8189e-02
-3.0796e-02
-3.2271e-02
-3.2011e-02
-2.9906e-02
-2.6146e-02
-2.1220e-02
-1.5090e-02
-8.6455e-03
-2.5557e-03
2.7814e-03
6.7310e-03
8.5721e-03
8.5855e-03
6.9660e-03
3.5497e-03
-8.0222e-04
-4.9923e-03
-7.9188e-03
-9.8421e-03
-1.1489e-02
-1.2595e-02
-1.2186e-02
-9.7045e-03
-6.0287e-03
-2.7398e-03
-4.2045e-04
1.0372e-03
1.3560e-03
6.1025e-04
-1.5050e-03
-4.9946e-03
-9.7682e-03
-1.5541e-02
-2.2004e-02
-2.8943e-02
-3.5516e-02
-4.1089e-02
-4.5319e-02
-4.8199e-02
-4.9582e-02
-4.8892e-02
-4.5565e-02
-3.9627e-02
-3.1825e-02
-2.1536e-02
-1.0699e-02
-1.5340e-03
4.0727e-03
7.3784e-03
1.1590e-02
1.5991e-02
1.7671e-02
1.6626e-02
1.4694e-02
1.2524e-02
9.8818e-03
6.5126e-03
2.6299e-03
-1.3449e-03
-5.0503e-03
-8.3169e-03
-1.1130e-02
-1.3076e-02
-1.3790e-02
-1.2984e-02
-1.1063e-02
-8.6100e-03
-6.3885e-03
-4.8164e-03
-4.3384e-03
-4.8707e-03
-6.5625e-03
-9.6000e-03
-1.3929e-02
-1.9501e-02
-2.5661e-02
-3.1835e-02
-3.7692e-02
-4.3088e-02
-4.7714e-02
-5.0561e-02
-5.1696e-02
-5.1255e-02
-4.8990e-02
-4.4406e-02
-3.7771e-02
-2.9493e-02
-2.0946e-02
-1.2656e-02
-4.1594e-03
3.7154e-03
9.5978e-03
1.4845e-02
1.9438e-02
2.1598e-02
2.0668e-02
1.6819e-02
1.0138e-02
2.0471e-03
-6.2072e-03
-1.4529e-02
-2.2855e-02
-3.0191e-02
-3.5508e-02
-3.8738e-02
-4.0328e-02
-4.0311e-02
-3.8190e-02
-3.4073e-02
-2.8526e-02
-2.2177e-02
-1.5665e-02
-1.0038e-02
-5.5052e-03
-1.9830e-03
6.7531e-04
2.3051e-03
2.7687e-03
2.2323e-03
3.4361e-04
-1.6269e-03
-2.3647e-03
-1.4459e-03
2.0541e-04
2.1375e-03
4.4256e-03
7.1644e-03
9.9786e-03
1.2599e-02
1.4894e-02
1.6692e-02
1.7947e-02
1.8807e-02
1.9265e-02
1.9098e-02
1.8432e-02
1.7462e-02
1.5809e-02
1.3293e-02
1.0150e-02
6.7172e-03
3.1518e-03
-2.9471e-04
-2.9377e-03
-4.2093e-03
-5.6970e-03
-8.3067e-03
-1.0374e-02
-1.0673e-02
-9.3639e-03
-7.2700e-03
-4.7030e-03
-2.0769e-03
4.1851e-04
2.8130e-03
5.0709e-03
6.9201e-03
7.5152e-03
6.9789e-03
5.4786e-03
3.0744e-03
-1.3984e-04
-3.7452e-03
-7.1258e-03
-9.8261e-03
-1.1567e-02
-1.2569e-02
-1.2611e-02
-1.1652e-02
-9.8157e-03
-7.7336e-03
-5.7160e-03
-3.4925e-03
-9.2365e-04
1.8399e-03
4.5808e-03
7.2387e-03
9.8324e-03
1.2259e-02
1.4372e-02
1.6382e-02
1.8379e-02
1.9880e-02
2.0782e-02
2.1106e-02
2.0955e-02
2.0376e-02
1.9222e-02
1.7669e-02
1.5894e-02
1.4296e-02
1.3129e-02
1.2422e-02
1.1839e-02
1.1091e-02
9.8781e-03
8.1000e-03
5.7617e-03
3.1115e-03
3.7313e-04
-1.9606e-03
-3.8354e-03
-5.3703e-03
-6.3195e-03
-6.1830e-03
-4.8973e-03
-2.9399e-03
-4.7169e-04
2.3695e-03
5.3873e-03
8.0825e-03
1.0495e-02
1.3428e-02
1.6910e-02
2.0400e-02
2.3639e-02
2.6577e-02
2.8355e-02
2.8958e-02
2.8432e-02
2.7020e-02
2.5087e-02
2.3497e-02
2.2299e-02
2.1023e-02
1.9514e-02
1.7977e-02
1.6587e-02
1.5222e-02
1.3650e-02
1.1758e-02
9.5689e-03
6.6718e-03
3.0254e-03
-1.1798e-03
-5.7126e-03
-1.0227e-02
-1.4186e-02
-1.7567e-02
-2.0538e-02
-2.2699e-02
-2.4350e-02
-2.6006e-02
-2.6929e-02
-2.6361e-02
-2.4410e-02
-2.2229e-02
-2.0678e-02
-1.8916e-02
-1.6120e-02
-1.2932e-02
-1.0183e-02
-8.2208e-03
-7.1384e-03
-6.8162e-03
-6.9347e-03
-7.3197e-03
-7.8514e-03
-8.1865e-03
-8.1459e-03
-7.8946e-03
-7.5781e-03
-7.1847e-03
-6.6320e-03
-5.8720e-03
-4.7526e-03
-3.1557e-03
-9.7750e-04
1.4118e-03
3.7203e-03
6.2326e-03
8.9309e-03
1.1194e-02
1.3211e-02
1.5480e-02
1.7714e-02
1.9551e-02
2.1023e-02
2.2312e-02
2.3361e-02
2.3818e-02
2.3522e-02
2.2468e-02
2.0987e-02
1.9180e-02
1.7061e-02
1.4548e-02
1.1433e-02
7.5708e-03
3.1189e-03
-1.2043e-03
-5.4109e-03
-1.0190e-02
-1.5066e-02
-1.9197e-02
-2.2114e-02
-2.4014e-02
-2.4960e-02
-2.4451e-02
-2.2520e-02
-1.8758e-02
-1.3683e-02
-8.0567e-03
-1.7780e-03
5.3862e-03
1.2020e-02
1.8082e-02
2.4765e-02
3.1159e-02
3.6092e-02
4.0293e-02
4.4137e-02
4.7056e-02
4.8115e-02
4.7554e-02
4.5916e-02
4.3062e-02
3.9197e-02
3.4394e-02
2.8883e-02
2.3077e-02
1.7474e-02
1.2469e-02
8.1500e-03
4.5114e-03
1.1208e-03
-2.3202e-03
-5.2268e-03
-7.4202e-03
-9.4363e-03
-1.1327e-02
-1.2620e-02
-1.2974e-02
-1.2539e-02
-1.1572e-02
-1.0105e-02
-7.8105e-03
-4.7302e-03
-1.2004e-03
2.8588e-03
7.4318e-03
1.2403e-02
1.8156e-02
2.4878e-02
3.1550e-02
3.7195e-02
4.1038e-02
4.3707e-02
4.5658e-02
4.6849e-02
4.7385e-02
4.7598e-02
4.7437e-02
4.6614e-02
4.5252e-02
4.3711e-02
4.2185e-02
4.1024e-02
4.0621e-02
4.0883e-02
4.1479e-02
4.2621e-02
4.4371e-02
4.6594e-02
4.9106e-02
5.1748e-02
5.4373e-02
5.6590e-02
5.7983e-02
5.8188e-02
5.6988e-02
5.4258e-02
5.0501e-02
4.6155e-02
4.1737e-02
3.7226e-02
3.1717e-02
2.5630e-02
2.0102e-02
1.5404e-02
1.1313e-02
8.0197e-03
5.6218e-03
3.9324e-03
2.4288e-03
8.5322e-04
-8.8939e-04
-2.6856e-03
-4.3970e-03
-5.8021e-03
-6.7706e-03
-6.9319e-03
-5.7134e-03
-2.8982e-03
1.4873e-03
6.5512e-03
1.1743e-02
1.7187e-02
2.3085e-02
2.8264e-02
3.2227e-02
3.5045e-02
3.6736e-02
3.7035e-02
3.6391e-02
3.5154e-02
3.3695e-02
3.2554e-02
3.2144e-02
3.2419e-02
3.3262e-02
3.4492e-02
3.5882e-02
3.7322e-02
3.8673e-02
3.9800e-02
4.0367e-02
4.0525e-02
4.0438e-02
3.9469e-02
3.7324e-02
3.5243e-02
3.3597e-02
3.1555e-02
2.8546e-02
2.4862e-02
2.1575e-02
1.9163e-02
1.7526e-02
1.6646e-02
1.6366e-02
1.6833e-02
1.7922e-02
1.9391e-02
2.1205e-02
2.3263e-02
2.4344e-02
2.4230e-02
2.3475e-02
2.2170e-02
1.9939e-02
1.6727e-02
1.3519e-02
1.1315e-02
1.0083e-02
9.0747e-03
7.6077e-03
6.3966e-03
6.6191e-03
8.5859e-03
1.1584e-02
1.5564e-02
2.0156e-02
2.4871e-02
2.9904e-02
3.5302e-02
3.9335e-02
4.1869e-02
4.3621e-02
4.4694e-02
4.4825e-02
4.3989e-02
4.2461e-02
4.0702e-02
3.9205e-02
3.8148e-02
3.7583e-02
3.7338e-02
3.7514e-02
3.8043e-02
3.8726e-02
3.9269e-02
3.9316e-02
3.8191e-02
3.5698e-02
3.2018e-02
2.7029e-02
2.1524e-02
1.6389e-02
1.1408e-02
6.4617e-03
2.2905e-03
-1.0066e-03
-3.5212e-03
-4.8597e-03
-4.8537e-03
-3.6073e-03
-1.3582e-03
2.0624e-03
6.2969e-03
1.1365e-02
1.5901e-02
1.8286e-02
1.9334e-02
1.9179e-02
1.7441e-02
1.3695e-02
8.4358e-03
2.5740e-03
-3.1577e-03
-8.6070e-03
-1.3853e-02
-1.8490e-02
-2.2443e-02
-2.5815e-02
-2.8505e-02
-3.0277e-02
-3.0770e-02
-3.0115e-02
-2.8337e-02
-2.6171e-02
-2.4067e-02
-2.1706e-02
-1.9250e-02
-1.7270e-02
-1.5762e-02
-1.4522e-02
-1.3560e-02
-1.2899e-02
-1.2692e-02
-1.2785e-02
-1.2833e-02
-1.2154e-02
-1.1019e-02
-1.0091e-02
-9.5704e-03
-9.3118e-03
-9.4952e-03
-1.0093e-02
-1.1153e-02
-1.2608e-02
-1.4363e-02
-1.6427e-02
-1.8670e-02
-2.0899e-02
-2.2875e-02
-2.4605e-02
-2.6114e-02
-2.7314e-02
-2.8012e-02
-2.8008e-02
-2.7192e-02
-2.5350e-02
-2.2305e-02
-1.7687e-02
-1.2244e-02
-6.8575e-03
-2.1209e-03
2.4152e-03
7.3930e-03
1.2364e-02
1.6490e-02
1.9480e-02
2.1325e-02
2.1479e-02
2.0198e-02
1.7325e-02
1.3138e-02
8.0718e-03
2.3500e-03
-2.9948e-03
-7.2061e-03
-1.0689e-02
-1.3670e-02
-1.5751e-02
-1.7118e-02
-1.7852e-02
-1.7175e-02
-1.5100e-02
-1.2149e-02
-8.8840e-03
-5.4453e-03
-2.4535e-03
-1.2972e-04
1.3304e-03
2.1454e-03
2.2946e-03
1.4604e-03
-2.1099e-04
-2.1504e-03
-4.1577e-03
-6.3120e-03
-8.3214e-03
-1.0013e-02
-1.1225e-02
-1.1683e-02
-1.1256e-02
-9.9113e-03
-8.0536e-03
-5.8203e-03
-3.4118e-03
-1.0144e-03
1.1576e-03
2.8195e-03
3.4943e-03
3.3303e-03
2.4072e-03
5.4970e-04
-2.0180e-03
-4.6466e-03
-6.7791e-03
-8.2991e-03
-9.0870e-03
-9.0744e-03
-7.5487e-03
-4.5337e-03
-5.4953e-04
4.3116e-03
9.7398e-03
1.4737e-02
1.8809e-02
2.1941e-02
2.4864e-02
2.7772e-02
2.9868e-02
3.1130e-02
3.1986e-02
3.2496e-02
3.2498e-02
3.1814e-02
3.0676e-02
2.9645e-02
2.8348e-02
2.6370e-02
2.4445e-02
2.2635e-02
2.0310e-02
1.7407e-02
1.4164e-02
1.0600e-02
6.6999e-03
2.4406e-03
-2.1557e-03
-7.3174e-03
-1.3552e-02
-1.9712e-02
-2.4921e-02
-2.9585e-02
-3.4036e-02
-3.8086e-02
-4.1260e-02
-4.3557e-02
-4.4762e-02
-4.4772e-02
-4.3572e-02
-4.0624e-02
-3.6918e-02
-3.3857e-02
-3.0817e-02
-2.6781e-02
-2.2098e-02
-1.7477e-02
-1.3162e-02
-9.7578e-03
-7.9863e-03
-7.5835e-03
-8.1549e-03
-9.2384e-03
-1.0537e-02
-1.2135e-02
-1.3621e-02
-1.4453e-02
-1.4043e-02
-1.2472e-02
-9.9890e-03
-6.9415e-03
-3.2605e-03
1.6363e-03
7.3958e-03
1.2610e-02
1.7178e-02
2.1771e-02
2.6024e-02
2.9297e-02
3.1480e-02
3.2616e-02
3.2434e-02
3.1388e-02
3.0071e-02
2.8817e-02
2.7604e-02
2.6471e-02
2.5567e-02
2.5019e-02
2.4969e-02
2.5243e-02
2.5728e-02
2.6260e-02
2.6677e-02
2.6658e-02
2.6350e-02
2.6006e-02
2.5596e-02
2.4934e-02
2.3750e-02
2.2149e-02
2.0215e-02
1.8110e-02
1.5917e-02
1.3519e-02
1.1073e-02
8.8502e-03
6.6402e-03
4.3928e-03
2.4979e-03
8.3364e-04
-9.6678e-04
-3.1373e-03
-5.5376e-03
-7.8845e-03
-1.0034e-02
-1.2048e-02
-1.4062e-02
-1.5986e-02
-1.7617e-02
-1.8903e-02
-1.9903e-02
-2.0820e-02
-2.1558e-02
-2.1790e-02
-2.1188e-02
-1.9775e-02
-1.6803e-02
-1.2738e-02
-8.5918e-03
-5.2648e-03
-2.8052e-03
-9.3025e-04
4.7193e-04
1.2638e-03
1.2792e-03
5.9753e-04
-2.4356e-04
-1.1225e-03
-2.3853e-03
-4.1888e-03
-6.3387e-03
-8.3679e-03
-1.0074e-02
-1.1544e-02
-1.3202e-02
-1.5151e-02
-1.6808e-02
-1.7476e-02
-1.6929e-02
-1.6658e-02
-1.7191e-02
-1.6989e-02
-1.5023e-02
-1.1411e-02
-6.6684e-03
-9.9717e-04
4.7280e-03
9.8631e-03
1.4019e-02
1.7726e-02
2.1228e-02
2.3497e-02
2.4102e-02
2.2388e-02
1.8851e-02
1.4156e-02
8.3919e-03
1.4208e-03
-6.7661e-03
-1.4974e-02
-2.2193e-02
-2.8186e-02
-3.3269e-02
-3.7614e-02
-4.0842e-02
-4.2697e-02
-4.3019e-02
-4.1964e-02
-3.9985e-02
-3.6754e-02
-3.2683e-02
-2.8587e-02
-2.5407e-02
-2.3524e-02
-2.3325e-02
-2.4355e-02
-2.6760e-02
-3.0296e-02
-3.4513e-02
-3.9040e-02
-4.3562e-02
-4.7881e-02
-5.2084e-02
-5.5867e-02
-5.8287e-02
-5.9151e-02
-5.8744e-02
-5.6630e-02
-5.3051e-02
-4.8535e-02
-4.3589e-02
-3.8263e-02
-3.2838e-02
-2.7314e-02
-2.0980e-02
-1.4178e-02
-7.7935e-03
-2.2092e-03
2.6869e-03
6.5495e-03
9.4263e-03
1.1424e-02
1.2419e-02
1.2144e-02
1.0837e-02
8.7686e-03
6.5229e-03
4.5942e-03
3.2199e-03
2.6132e-03
2.6298e-03
2.9273e-03
3.2458e-03
3.6705e-03
4.6655e-03
6.4046e-03
8.7793e-03
1.1188e-02
1.3160e-02
1.4140e-02
1.4422e-02
1.4879e-02
1.5272e-02
1.4804e-02
1.4087e-02
1.3669e-02
1.2923e-02
1.1634e-02
1.0177e-02
8.8219e-03
7.5360e-03
6.2191e-03
5.0009e-03
3.9886e-03
2.9376e-03
1.5297e-03
-5.3095e-04
-2.8054e-03
-4.8062e-03
-6.4136e-03
-8.5846e-03
-1.2296e-02
-1.6754e-02
-2.0683e-02
-2.3321e-02
-2.5130e-02
-2.6779e-02
-2.8366e-02
-2.9379e-02
-2.9136e-02
-2.7333e-02
-2.4275e-02
-2.0933e-02
-1.7595e-02
-1.3625e-02
-8.8188e-03
-3.4749e-03
1.1176e-03
4.5898e-03
7.1404e-03
9.3055e-03
1.1037e-02
1.1676e-02
1.0973e-02
9.3785e-03
7.1487e-03
4.0945e-03
5.8385e-04
-2.8677e-03
-5.8297e-03
-8.3622e-03
-1.0631e-02
-1.2716e-02
-1.4514e-02
-1.5800e-02
-1.6754e-02
-1.7627e-02
-1.8370e-02
-1.9078e-02
-2.0052e-02
-2.1283e-02
-2.2601e-02
-2.3934e-02
-2.5083e-02
-2.5823e-02
-2.6304e-02
-2.6710e-02
-2.6773e-02
-2.6645e-02
-2.6740e-02
-2.7104e-02
-2.7561e-02
-2.8198e-02
-2.9264e-02
-3.0922e-02
-3.2692e-02
-3.4325e-02
-3.6097e-02
-3.8221e-02
-4.0485e-02
-4.1946e-02
-4.2537e-02
-4.2506e-02
-4.1814e-02
-4.0372e-02
-3.8503e-02
-3.6481e-02
-3.4197e-02
-3.2127e-02
-3.0686e-02
-2.9598e-02
-2.8690e-02
-2.8267e-02
-2.8672e-02
-2.9818e-02
-3.0964e-02
-3.1724e-02
-3.2105e-02
-3.2578e-02
-3.3316e-02
-3.3659e-02
-3.3413e-02
-3.2748e-02
-3.1718e-02
-3.0293e-02
-2.8614e-02
-2.6832e-02
-2.4926e-02
-2.3352e-02
-2.2410e-02
-2.1695e-02
-2.1105e-02
-2.1143e-02
-2.1853e-02
-2.3057e-02
-2.4381e-02
-2.5433e-02
-2.5730e-02
-2.4772e-02
-2.2655e-02
-2.0647e-02
-1.8902e-02
-1.6308e-02
-1.2192e-02
-6.4956e-03
-4.4430e-04
5.1219e-03
9.9968e-03
1.4614e-02
1.9119e-02
2.3132e-02
2.6101e-02
2.7891e-02
2.8532e-02
2.8013e-02
2.6501e-02
2.4024e-02
2.0770e-02
1.7006e-02
1.2933e-02
8.8803e-03
5.0485e-03
1.4826e-03
-1.6239e-03
-4.0000e-03
-6.1166e-03
-8.3823e-03
-1.0742e-02
-1.3031e-02
-1.5208e-02
-1.7034e-02
-1.8556e-02
-2.0105e-02
-2.1431e-02
-2.2188e-02
-2.2359e-02
-2.2054e-02
-2.1252e-02
-2.0091e-02
-1.8736e-02
-1.7268e-02
-1.5902e-02
-1.5125e-02
-1.4708e-02
-1.4287e-02
-1.3986e-02
-1.4075e-02
-1.4691e-02
-1.5634e-02
-1.6776e-02
-1.8043e-02
-1.9401e-02
-2.0821e-02
-2.2198e-02
-2.3462e-02
-2.4623e-02
-2.5713e-02
-2.6662e-02
-2.7471e-02
-2.8205e-02
-2.8957e-02
-2.9586e-02
-2.9881e-02
-2.9861e-02
-2.9539e-02
-2.8594e-02
-2.6973e-02
-2.4793e-02
-2.2050e-02
-1.8710e-02
-1.5370e-02
-1.2198e-02
-8.8413e-03
-5.2757e-03
-1.7219e-03
1.9726e-03
5.7671e-03
8.8325e-03
1.1027e-02
1.2446e-02
1.3291e-02
1.3692e-02
1.3758e-02
1.3675e-02
1.3571e-02
1.3764e-02
1.4505e-02
1.6010e-02
1.7995e-02
2.0318e-02
2.2664e-02
2.4860e-02
2.7168e-02
2.9545e-02
3.1455e-02
3.2929e-02
3.4254e-02
3.5643e-02
3.6872e-02
3.6769e-02
3.5359e-02
3.3367e-02
3.1192e-02
2.8800e-02
2.6110e-02
2.3039e-02
1.9630e-02
1.6150e-02
1.3025e-02
1.0557e-02
8.6125e-03
7.0687e-03
6.1431e-03
5.7780e-03
5.9226e-03
6.4435e-03
7.0721e-03
7.4543e-03
7.7794e-03
8.4086e-03
9.4921e-03
1.0574e-02
1.0838e-02
1.0504e-02
1.0059e-02
9.3370e-03
8.2250e-03
7.0651e-03
6.1392e-03
5.3951e-03
4.4774e-03
3.3158e-03
2.1314e-03
9.8418e-04
-2.0990e-04
-1.4369e-03
-2.3184e-03
-2.4881e-03
-2.4568e-03
-2.5338e-03
-1.9899e-03
-8.6656e-04
2.0178e-04
1.2582e-03
2.6055e-03
3.9599e-03
4.9347e-03
5.1772e-03
4.9173e-03
4.4778e-03
3.8035e-03
2.7138e-03
1.1399e-03
-4.3891e-04
-1.7083e-03
-2.7355e-03
-3.6494e-03
-4.4018e-03
-4.9191e-03
-5.2720e-03
-5.6202e-03
-5.8685e-03
-5.8129e-03
-5.5489e-03
-5.2149e-03
-4.7719e-03
-3.9104e-03
-2.3329e-03
-5.9698e-04
9.5362e-04
2.8817e-03
5.2039e-03
7.3492e-03
8.5865e-03
9.2018e-03
1.0448e-02
1.2034e-02
1.2800e-02
1.2506e-02
1.1597e-02
1.0692e-02
9.9808e-03
9.2923e-03
8.3566e-03
7.1912e-03
6.0324e-03
4.6463e-03
2.6726e-03
9.9596e-04
-1.3551e-04
-1.6524e-03
-3.4849e-03
-4.9110e-03
-5.3738e-03
-5.3432e-03
-5.3860e-03
-5.2251e-03
-4.2814e-03
-1.8664e-03
1.0473e-03
2.9349e-03
3.9346e-03
5.0103e-03
7.0750e-03
9.7435e-03
1.1879e-02
1.3082e-02
1.3506e-02
1.3246e-02
1.2387e-02
1.0971e-02
8.8273e-03
5.9002e-03
2.5857e-03
-6.9222e-04
-3.8073e-03
-6.9739e-03
-1.0203e-02
-1.2677e-02
-1.3998e-02
-1.4130e-02
-1.2686e-02
-9.5866e-03
-4.9813e-03
6.9903e-04
7.4962e-03
1.4656e-02
2.1606e-02
2.7732e-02
3.3032e-02
3.7084e-02
3.9997e-02
4.1497e-02
4.1347e-02
3.9647e-02
3.6661e-02
3.3120e-02
2.9588e-02
2.6423e-02
2.3650e-02
2.1329e-02
1.9901e-02
1.9603e-02
2.0294e-02
2.1754e-02
2.3844e-02
2.6270e-02
2.8782e-02
3.0935e-02
3.2454e-02
3.3114e-02
3.3002e-02
3.1979e-02
3.0004e-02
2.7420e-02
2.4731e-02
2.1803e-02
1.8303e-02
1.4172e-02
9.7056e-03
5.1013e-03
2.6740e-04
-4.7138e-03
-9.4233e-03
-1.3608e-02
-1.7209e-02
-1.9723e-02
-2.1404e-02
-2.2679e-02
-2.3033e-02
-2.2415e-02
-2.1506e-02
-2.0664e-02
-1.9769e-02
-1.8833e-02
-1.7765e-02
-1.5758e-02
-1.3248e-02
-1.1245e-02
-9.9408e-03
-8.9693e-03
-8.0591e-03
-7.1443e-03
-6.3358e-03
-5.7145e-03
-5.2651e-03
-5.0056e-03
-4.8715e-03
-4.8192e-03
-4.4951e-03
-3.6824e-03
-2.5770e-03
-1.2438e-03
7.6129e-04
3.1442e-03
5.4106e-03
7.5711e-03
9.8089e-03
1.2091e-02
1.3881e-02
1.4547e-02
1.3973e-02
1.2860e-02
1.2183e-02
1.1914e-02
1.1595e-02
1.1388e-02
1.1615e-02
1.2378e-02
1.3478e-02
1.4825e-02
1.6236e-02
1.7342e-02
1.7585e-02
1.6964e-02
1.5480e-02
1.3100e-02
9.8721e-03
5.7968e-03
1.1494e-03
-3.6771e-03
-7.8503e-03
-1.1458e-02
-1.4958e-02
-1.7851e-02
-1.9602e-02
-2.0022e-02
-1.9166e-02
-1.7243e-02
-1.4584e-02
-1.1474e-02
-8.3066e-03
-5.4660e-03
-3.1819e-03
-1.4181e-03
-2.2235e-04
7.8048e-05
-5.3563e-04
-1.9695e-03
-3.9394e-03
-6.1618e-03
-8.5594e-03
-1.0920e-02
-1.2878e-02
-1.3879e-02
-1.3868e-02
-1.3084e-02
-1.1760e-02
-9.7236e-03
-7.2944e-03
-4.8434e-03
-2.5274e-03
-6.5237e-04
4.1605e-04
8.0660e-04
5.9122e-04
-5.9480e-04
-2.4874e-03
-4.5645e-03
-6.4263e-03
-8.0155e-03
-9.3304e-03
-1.0641e-02
-1.2113e-02
-1.3597e-02
-1.4901e-02
-1.5960e-02
-1.7065e-02
-1.8361e-02
-1.9384e-02
-1.9979e-02
-2.0251e-02
-2.0443e-02
-2.0502e-02
-1.9530e-02
-1.7311e-02
-1.3693e-02
-9.6412e-03
-5.9514e-03
-2.4233e-03
1.3038e-03
4.8644e-03
7.6860e-03
9.4888e-03
1.0832e-02
1.1969e-02
1.2224e-02
1.1268e-02
9.2426e-03
6.8929e-03
4.5948e-03
1.9728e-03
-1.0701e-03
-4.1963e-03
-6.8277e-03
-8.8347e-03
-1.0367e-02
-1.1208e-02
-1.1353e-02
-1.2118e-02
-1.3735e-02
-1.5471e-02
-1.6685e-02
-1.7424e-02
-1.8017e-02
-1.8762e-02
-1.9673e-02
-2.0293e-02
-2.0502e-02
-2.0635e-02
-2.0708e-02
-2.0433e-02
-1.9782e-02
-1.8889e-02
-1.7466e-02
-1.5377e-02
-1.2728e-02
-1.0223e-02
-8.1093e-03
-6.0698e-03
-3.9627e-03
-2.1140e-03
-1.0141e-03
-7.6103e-04
-9.8892e-04
-1.3565e-03
-2.0113e-03
-3.0604e-03
-4.3850e-03
-5.7020e-03
-6.9048e-03
-8.0027e-03
-8.7031e-03
-8.9294e-03
-8.5657e-03
-7.7961e-03
-6.8484e-03
-5.8835e-03
-4.9362e-03
-4.1270e-03
-3.6335e-03
-3.6225e-03
-4.0156e-03
-4.6715e-03
-5.9401e-03
-7.7196e-03
-9.5733e-03
-1.0894e-02
-1.1702e-02
-1.2429e-02
-1.2826e-02
-1.2491e-02
-1.1429e-02
-9.8721e-03
-8.0107e-03
-5.8564e-03
-3.3066e-03
-1.0231e-03
6.2691e-04
1.4148e-03
1.5126e-03
1.0953e-03
4.6805e-04
-3.5817e-04
-1.6743e-03
-3.2559e-03
-4.7583e-03
-6.3308e-03
-8.1738e-03
-1.0267e-02
-1.2497e-02
-1.4793e-02
-1.7067e-02
-1.9232e-02
-2.1120e-02
-2.1916e-02
-2.1576e-02
-2.0313e-02
-1.8684e-02
-1.7066e-02
-1.5472e-02
-1.3733e-02
-1.1733e-02
-9.5453e-03
-7.2461e-03
-5.2201e-03
-3.6550e-03
-2.1623e-03
-4.9380e-04
1.2490e-03
2.7661e-03
3.8510e-03
4.5598e-03
5.2076e-03
6.1778e-03
7.6744e-03
9.7947e-03
1.2156e-02
1.4604e-02
1.7967e-02
2.1434e-02
2.3529e-02
2.5206e-02
2.7585e-02
2.9984e-02
3.1496e-02
3.1539e-02
3.0243e-02
2.7983e-02
2.4898e-02
2.1282e-02
1.7390e-02
1.3501e-02
9.6845e-03
5.9114e-03
2.3750e-03
-6.2136e-04
-2.4415e-03
-3.3819e-03
-3.7726e-03
-3.5395e-03
-2.4675e-03
-2.8991e-04
2.4398e-03
5.1186e-03
7.5882e-03
9.9715e-03
1.2224e-02
1.4077e-02
1.5141e-02
1.5603e-02
1.5650e-02
1.5311e-02
1.4654e-02
1.3861e-02
1.3360e-02
1.3517e-02
1.4167e-02
1.5068e-02
1.6283e-02
1.7813e-02
1.9580e-02
2.0897e-02
2.1608e-02
2.2223e-02
2.2750e-02
2.2640e-02
2.1435e-02
1.9449e-02
1.7380e-02
1.5598e-02
1.3961e-02
1.2048e-02
9.9393e-03
8.2175e-03
7.1821e-03
6.7262e-03
6.7800e-03
7.1296e-03
7.6270e-03
8.4148e-03
9.6180e-03
1.0917e-02
1.2324e-02
1.4080e-02
1.5546e-02
1.6336e-02
1.6687e-02
1.6827e-02
1.6569e-02
1.5773e-02
1.4377e-02
1.2175e-02
9.1900e-03
5.8059e-03
3.2598e-03
1.5021e-03
-2.0054e-04
-1.9499e-03
-3.4183e-03
-4.5570e-03
-5.1078e-03
-4.7184e-03
-3.9038e-03
-3.1036e-03
-2.3443e-03
-1.4649e-03
-4.1742e-04
3.9279e-04
6.7663e-04
5.5523e-04
2.0442e-04
-6.1806e-04
-1.9727e-03
-3.7286e-03
-5.8716e-03
-8.1241e-03
-1.0164e-02
-1.1944e-02
-1.3716e-02
-1.5991e-02
-1.8466e-02
-2.0448e-02
-2.1397e-02
-2.1526e-02
-2.1334e-02
-2.0875e-02
-1.9817e-02
-1.8860e-02
-1.8471e-02
-1.8397e-02
-1.8178e-02
-1.7762e-02
-1.7756e-02
-1.8253e-02
-1.8501e-02
-1.8225e-02
-1.7686e-02
-1.7139e-02
-1.6534e-02
-1.5329e-02
-1.3593e-02
-1.1750e-02
-9.8550e-03
-7.7284e-03
-5.4631e-03
-3.1967e-03
-9.5511e-04
1.0593e-03
2.7385e-03
4.3317e-03
5.7897e-03
6.6265e-03
6.8681e-03
6.7011e-03
6.2551e-03
5.4147e-03
3.8618e-03
2.0214e-03
3.9248e-04
-1.0088e-03
-2.1694e-03
-2.6407e-03
-1.9439e-03
-8.4376e-05
2.6079e-03
5.8212e-03
9.2545e-03
1.2569e-02
1.5594e-02
1.8552e-02
2.1497e-02
2.3849e-02
2.5541e-02
2.6670e-02
2.7025e-02
2.6484e-02
2.5440e-02
2.4127e-02
2.2156e-02
1.9900e-02
1.7913e-02
1.6204e-02
1.4825e-02
1.4034e-02
1.3583e-02
1.3301e-02
1.3446e-02
1.4055e-02
1.4952e-02
1.5948e-02
1.6968e-02
1.7679e-02
1.8031e-02
1.8041e-02
1.8179e-02
1.8641e-02
1.8653e-02
1.8004e-02
1.6983e-02
1.6099e-02
1.5576e-02
1.5480e-02
1.5860e-02
1.6832e-02
1.8159e-02
1.9609e-02
2.0706e-02
2.1328e-02
2.1366e-02
2.0916e-02
2.0064e-02
1.8613e-02
1.6864e-02
1.5295e-02
1.4009e-02
1.2805e-02
1.1611e-02
1.0416e-02
9.1294e-03
7.1586e-03
4.5779e-03
2.2126e-03
5.9561e-04
-4.0325e-04
-1.1541e-03
-1.9362e-03
-2.7080e-03
-3.2781e-03
-3.5468e-03
-3.3927e-03
-2.9255e-03
-2.1657e-03
-1.3282e-03
-5.6562e-04
2.5011e-04
1.3407e-03
2.9441e-03
4.5573e-03
5.7459e-03
6.8274e-03
8.2321e-03
1.0149e-02
1.1824e-02
1.2720e-02
1.3259e-02
1.3699e-02
1.3642e-02
1.2759e-02
1.0895e-02
8.7508e-03
6.8966e-03
5.4461e-03
4.5424e-03
4.3149e-03
4.8141e-03
5.4977e-03
5.8175e-03
6.3833e-03
7.8224e-03
9.8780e-03
1.1842e-02
1.3292e-02
1.4450e-02
1.5613e-02
1.6583e-02
1.7124e-02
1.7219e-02
1.7091e-02
1.6921e-02
1.6873e-02
1.7052e-02
1.7640e-02
1.8650e-02
2.0013e-02
2.1913e-02
2.4177e-02
2.6128e-02
2.7555e-02
2.8528e-02
2.8936e-02
2.8635e-02
2.7456e-02
2.5189e-02
2.1549e-02
1.8029e-02
1.4942e-02
1.1054e-02
7.0865e-03
3.9278e-03
1.2268e-03
-1.1870e-03
-2.9527e-03
-4.4467e-03
-5.6023e-03
-5.3959e-03
-4.2406e-03
-3.1183e-03
-2.4374e-03
-2.0852e-03
-2.1422e-03
-2.6650e-03
-3.6114e-03
-4.9536e-03
-6.6431e-03
-8.5420e-03
-1.0505e-02
-1.2433e-02
-1.4045e-02
-1.5138e-02
-1.5635e-02
-1.5709e-02
-1.5301e-02
-1.3745e-02
-1.1366e-02
-8.8972e-03
-6.2075e-03
-2.9128e-03
5.0085e-04
3.1773e-03
4.1118e-03
3.8576e-03
3.4296e-03
3.5003e-03
3.7443e-03
3.5075e-03
2.7777e-03
1.9448e-03
1.2815e-03
8.8196e-04
9.0130e-04
1.1189e-03
1.3555e-03
1.9743e-03
3.0564e-03
4.5243e-03
6.1422e-03
7.7634e-03
9.3793e-03
1.0935e-02
1.2180e-02
1.2831e-02
1.2858e-02
1.2373e-02
1.1360e-02
9.6422e-03
7.5576e-03
5.4082e-03
2.8561e-03
7.7696e-05
-2.4333e-03
-4.9330e-03
-7.4753e-03
-9.4298e-03
-1.1062e-02
-1.2937e-02
-1.4691e-02
-1.5805e-02
-1.6119e-02
-1.6430e-02
-1.7305e-02
-1.8415e-02
-1.9499e-02
-2.0883e-02
-2.2496e-02
-2.4004e-02
-2.5081e-02
-2.5870e-02
-2.6587e-02
-2.6956e-02
-2.6878e-02
-2.6499e-02
-2.5851e-02
-2.4809e-02
-2.3451e-02
-2.1876e-02
-2.0213e-02
-1.8656e-02
-1.7348e-02
-1.6257e-02
-1.5421e-02
-1.5262e-02
-1.5727e-02
-1.6739e-02
-1.8193e-02
-1.9954e-02
-2.1702e-02
-2.3254e-02
-2.4548e-02
-2.5323e-02
-2.5516e-02
-2.5253e-02
-2.4569e-02
-2.3275e-02
-2.1775e-02
-2.0233e-02
-1.7697e-02
-1.4484e-02
-1.1662e-02
-9.5276e-03
-7.8388e-03
-6.7769e-03
-6.1388e-03
-5.6997e-03
-5.5275e-03
-5.7313e-03
-6.2020e-03
-6.7322e-03
-7.1947e-03
-6.8798e-03
-5.6505e-03
-5.3848e-03
-6.0689e-03
-6.0405e-03
-5.0878e-03
-4.0666e-03
-3.4853e-03
-2.9286e-03
-1.6102e-03
-3.1073e-04
4.9239e-05
-3.1218e-04
-5.9520e-04
-1.0024e-04
9.0591e-04
1.9624e-03
2.7984e-03
3.5226e-03
4.3575e-03
5.2056e-03
5.8196e-03
6.2867e-03
6.7534e-03
7.1076e-03
7.3174e-03
7.4634e-03
7.5821e-03
7.7115e-03
8.0629e-03
8.5499e-03
8.9564e-03
9.4326e-03
1.0117e-02
1.0600e-02
1.0637e-02
1.0284e-02
9.5764e-03
8.4045e-03
6.6071e-03
4.5123e-03
2.4775e-03
2.3245e-04
-2.2846e-03
-4.5898e-03
-6.5266e-03
-8.2062e-03
-9.7148e-03
-1.0893e-02
-1.1341e-02
-1.1035e-02
-1.0218e-02
-9.0050e-03
-7.4103e-03
-5.5435e-03
-3.7294e-03
-2.2180e-03
-1.0248e-03
-4.5499e-05
4.2358e-04
4.0533e-04
1.5741e-04
2.6978e-05
2.3160e-05
-1.5109e-04
-5.6038e-04
-1.0549e-03
-1.5427e-03
-2.0673e-03
-2.8619e-03
-3.7890e-03
-4.5418e-03
-5.0831e-03
-5.5534e-03
-5.9396e-03
-6.1599e-03
-6.1552e-03
-5.9858e-03
-5.6989e-03
-5.0382e-03
-4.0157e-03
-2.8514e-03
-1.9020e-03
-1.2182e-03
-7.5075e-04
-1.3140e-04
9.7504e-04
2.4299e-03
3.8796e-03
4.4988e-03
4.3872e-03
3.9445e-03
3.3167e-03
2.3732e-03
8.6582e-04
-1.0838e-03
-3.2158e-03
-5.2479e-03
-7.1497e-03
-9.0377e-03
-1.0808e-02
-1.2196e-02
-1.3143e-02
-1.3757e-02
-1.4068e-02
-1.4063e-02
-1.3726e-02
-1.2846e-02
-1.1481e-02
-1.0010e-02
-9.2529e-03
-9.8329e-03
-1.1032e-02
-1.2064e-02
-1.2803e-02
-1.3423e-02
-1.4055e-02
-1.4858e-02
-1.5623e-02
-1.5829e-02
-1.5411e-02
-1.4636e-02
-1.3589e-02
-1.2264e-02
-1.0774e-02
-9.2760e-03
-7.8654e-03
-6.8384e-03
-6.2164e-03
-5.7473e-03
-5.4269e-03
-5.5125e-03
-5.9404e-03
-6.4054e-03
-6.6161e-03
-6.7258e-03
-6.9276e-03
-6.8953e-03
-6.4401e-03
-5.7260e-03
-4.8223e-03
-3.5625e-03
-2.0513e-03
-5.8226e-04
5.5409e-04
1.6032e-03
2.8347e-03
3.7651e-03
4.2024e-03
4.5674e-03
4.9738e-03
5.1570e-03
5.0227e-03
4.7725e-03
4.7953e-03
5.1694e-03
5.7773e-03
6.4569e-03
7.1544e-03
7.9521e-03
8.9353e-03
1.0126e-02
1.1525e-02
1.3099e-02
1.4610e-02
1.5855e-02
1.6778e-02
1.7489e-02
1.7975e-02
1.7929e-02
1.7235e-02
1.5939e-02
1.4244e-02
1.2192e-02
9.8054e-03
7.5599e-03
5.9225e-03
4.3684e-03
2.7025e-03
1.6024e-03
1.2177e-03
1.3702e-03
1.9783e-03
2.6678e-03
2.6841e-03
2.6004e-03
3.3025e-03
4.2606e-03
4.6442e-03
4.1646e-03
3.1335e-03
1.6895e-03
3.7112e-07
-1.7531e-03
-3.3571e-03
-4.5484e-03
-5.2516e-03
-5.6302e-03
-5.7861e-03
-5.4409e-03
-4.8246e-03
-4.2991e-03
-3.7729e-03
-2.9865e-03
-2.1787e-03
-1.6396e-03
-1.3861e-03
-1.1711e-03
-8.0769e-04
-2.9693e-04
7.0821e-05
-8.5408e-04
-2.7728e-03
-4.6344e-03
-5.8240e-03
-6.5021e-03
-6.9833e-03
-7.6092e-03
-8.4721e-03
-9.0387e-03
-9.0946e-03
-8.9585e-03
-8.8860e-03
-8.8416e-03
-8.8875e-03
-9.0229e-03
-9.1248e-03
-9.1644e-03
-9.1865e-03
-9.1040e-03
-8.8139e-03
-8.2417e-03
-7.4271e-03
-6.3569e-03
-5.1172e-03
-3.7587e-03
-2.2292e-03
-6.3068e-04
8.6100e-04
1.8894e-03
2.4991e-03
2.9710e-03
3.2027e-03
2.8703e-03
2.2447e-03
1.6039e-03
6.3497e-04
-7.0017e-04
-2.1514e-03
-3.6134e-03
-5.1126e-03
-6.6187e-03
-7.6669e-03
-8.0211e-03
-8.1219e-03
-8.2113e-03
-8.0863e-03
-7.6635e-03
-6.9870e-03
-5.8316e-03
-4.4596e-03
-3.3622e-03
-2.4348e-03
-1.3367e-03
1.4332e-04
1.6955e-03
2.6898e-03
3.3939e-03
4.3556e-03
5.4765e-03
6.4369e-03
7.1497e-03
8.1081e-03
9.7464e-03
1.1281e-02
1.2170e-02
1.2666e-02
1.3080e-02
1.3305e-02
1.3142e-02
1.2621e-02
1.1910e-02
1.1091e-02
1.0064e-02
8.6863e-03
7.3571e-03
7.0088e-03
7.7896e-03
9.1615e-03
1.0249e-02
1.0894e-02
1.1355e-02
1.1682e-02
1.1746e-02
1.1468e-02
1.0740e-02
9.3454e-03
7.3485e-03
4.9843e-03
2.5796e-03
2.4152e-04
-2.1002e-03
-4.5621e-03
-7.1124e-03
-9.4481e-03
-1.1308e-02
-1.2570e-02
-1.3314e-02
-1.3576e-02
-1.3171e-02
-1.2599e-02
-1.2418e-02
-1.2769e-02
-1.3279e-02
-1.3449e-02
-1.3436e-02
-1.3637e-02
-1.4092e-02
-1.4586e-02
-1.4956e-02
-1.5074e-02
-1.4788e-02
-1.3899e-02
-1.2596e-02
-1.1341e-02
-9.8144e-03
-7.3787e-03
-4.5782e-03
-2.0237e-03
3.0612e-04
2.6549e-03
5.0475e-03
6.9456e-03
8.0183e-03
8.6506e-03
9.1260e-03
9.0803e-03
8.6627e-03
8.2357e-03
7.7572e-03
7.1550e-03
6.4996e-03
5.9240e-03
5.5037e-03
5.3228e-03
5.2190e-03
4.9780e-03
4.7891e-03
4.8820e-03
5.2134e-03
5.6284e-03
6.1464e-03
6.8271e-03
7.6430e-03
8.4019e-03
9.1841e-03
1.0308e-02
1.1386e-02
1.2016e-02
1.2541e-02
1.3234e-02
1.3942e-02
1.4519e-02
1.4977e-02
1.5244e-02
1.5196e-02
1.4661e-02
1.3864e-02
1.3041e-02
1.2022e-02
1.0703e-02
9.2878e-03
8.1479e-03
7.4230e-03
7.0176e-03
6.7188e-03
6.5546e-03
7.0508e-03
8.2054e-03
8.2059e-03
7.2599e-03
7.1043e-03
7.7362e-03
8.1301e-03
7.7418e-03
7.1515e-03
7.4418e-03
8.5087e-03
9.5480e-03
9.5976e-03
8.9932e-03
8.4836e-03
8.2271e-03
8.0118e-03
8.0253e-03
8.3844e-03
9.2404e-03
1.0436e-02
1.1778e-02
1.3294e-02
1.4985e-02
1.6809e-02
1.8389e-02
1.9491e-02
2.0260e-02
2.0738e-02
2.0676e-02
2.0337e-02
1.9979e-02
1.9060e-02
1.7199e-02
1.4464e-02
1.1784e-02
9.7557e-03
8.2177e-03
6.8081e-03
5.4798e-03
4.1144e-03
2.7247e-03
1.6502e-03
9.2811e-04
3.4340e-04
-3.6594e-04
-1.1256e-03
-1.6065e-03
-1.9249e-03
-2.3672e-03
-2.8853e-03
-3.1811e-03
-2.9262e-03
-2.3526e-03
-1.7229e-03
-9.2130e-04
4.1503e-05
8.1539e-04
1.4825e-03
2.3003e-03
3.0387e-03
3.4739e-03
3.4468e-03
3.0674e-03
2.4174e-03
1.1973e-03
-4.3633e-04
-1.7622e-03
-2.8689e-03
-4.2084e-03
-5.3070e-03
-5.8268e-03
-6.0265e-03
-5.9700e-03
-5.5036e-03
-4.3920e-03
-2.7376e-03
-9.3988e-04
6.0353e-04
1.8583e-03
3.1290e-03
4.3775e-03
5.1380e-03
5.5065e-03
5.7821e-03
6.0244e-03
6.1640e-03
6.2012e-03
6.3703e-03
6.8827e-03
7.3975e-03
7.7426e-03
8.1803e-03
8.7235e-03
9.1761e-03
9.5451e-03
9.9362e-03
1.0390e-02
1.0796e-02
1.1071e-02
1.1524e-02
1.2263e-02
1.3076e-02
1.3583e-02
1.3492e-02
1.2654e-02
1.1319e-02
9.9009e-03
8.8944e-03
8.5691e-03
8.5818e-03
8.6808e-03
9.0469e-03
9.5701e-03
1.0017e-02
1.0408e-02
1.0710e-02
1.0640e-02
1.0097e-02
9.0339e-03
7.5589e-03
5.8015e-03
3.7702e-03
1.3133e-03
-1.5398e-03
-4.1477e-03
-6.3522e-03
-8.4350e-03
-1.0433e-02
-1.2111e-02
-1.3107e-02
-1.3059e-02
-1.1796e-02
-1.0722e-02
-1.0501e-02
-1.0550e-02
-1.0237e-02
-9.5415e-03
-8.7868e-03
-8.2439e-03
-8.2644e-03
-8.7669e-03
-9.5047e-03
-1.0188e-02
-1.0752e-02
-1.1179e-02
-1.1424e-02
-1.1356e-02
-1.0715e-02
-9.5683e-03
-7.9747e-03
-6.2422e-03
-4.6604e-03
-3.1663e-03
-1.6524e-03
-3.5664e-04
6.0356e-04
1.1316e-03
1.3861e-03
1.5161e-03
1.3983e-03
1.1117e-03
8.6756e-04
5.8014e-04
1.7822e-04
1.3875e-04
5.0946e-04
1.0658e-03
1.6708e-03
2.3189e-03
2.8885e-03
3.3058e-03
3.4653e-03
3.3275e-03
2.8809e-03
1.9433e-03
7.1006e-04
-5.6708e-04
-1.9790e-03
-3.6328e-03
-5.2044e-03
-6.5209e-03
-7.6528e-03
-8.7132e-03
-9.7926e-03
-1.0941e-02
-1.1718e-02
-1.1985e-02
-1.1727e-02
-1.1330e-02
-1.1066e-02
-1.0816e-02
-1.0340e-02
-9.4585e-03
-8.5045e-03
-7.8101e-03
-7.4155e-03
-7.1192e-03
-6.7157e-03
-6.3378e-03
-6.1331e-03
-5.8169e-03
-5.3403e-03
-5.0573e-03
-4.8878e-03
-4.5385e-03
-3.8184e-03
-3.0566e-03
-2.9238e-03
-2.8185e-03
-1.9931e-03
-6.2833e-04
7.3148e-04
1.7545e-03
2.4591e-03
2.9086e-03
3.2239e-03
3.5169e-03
3.8795e-03
4.2439e-03
4.5032e-03
4.5626e-03
4.5218e-03
4.6922e-03
5.1867e-03
5.9741e-03
7.1027e-03
8.4869e-03
9.9817e-03
1.1452e-02
1.2853e-02
1.4567e-02
1.6780e-02
1.9004e-02
2.0491e-02
2.0367e-02
1.9495e-02
1.8930e-02
1.8596e-02
1.7938e-02
1.6600e-02
1.4798e-02
1.2896e-02
1.1133e-02
9.3601e-03
7.2566e-03
4.9740e-03
2.9134e-03
1.6937e-03
1.1529e-03
8.3275e-04
6.7555e-04
9.3373e-04
1.6908e-03
2.5486e-03
3.0201e-03
3.1367e-03
3.0644e-03
2.4340e-03
1.2829e-03
-2.2877e-04
-1.9290e-03
-3.7178e-03
-5.4261e-03
-7.1834e-03
-9.3070e-03
-1.1389e-02
-1.2966e-02
-1.4100e-02
-1.4887e-02
-1.5210e-02
-1.5236e-02
-1.5090e-02
-1.4786e-02
-1.4283e-02
-1.3457e-02
-1.2489e-02
-1.1598e-02
-1.0798e-02
-1.0013e-02
-9.2706e-03
-8.7778e-03
-8.6128e-03
-8.5030e-03
-8.3828e-03
-8.5085e-03
-8.9984e-03
-9.7617e-03
-1.0756e-02
-1.1944e-02
-1.3210e-02
-1.4306e-02
-1.5150e-02
-1.5971e-02
-1.6865e-02
-1.7690e-02
-1.8223e-02
-1.8449e-02
-1.8690e-02
-1.9028e-02
-1.9232e-02
-1.9248e-02
-1.9169e-02
-1.8857e-02
-1.8131e-02
-1.6854e-02
-1.5585e-02
-1.4827e-02
-1.4128e-02
-1.3015e-02
-1.1496e-02
-9.6992e-03
-7.6105e-03
-5.8142e-03
-4.5088e-03
-3.4148e-03
-2.0906e-03
-3.5107e-04
1.4377e-03
3.0312e-03
4.6663e-03
6.3482e-03
7.8430e-03
9.2800e-03
1.0804e-02
1.2175e-02
1.3095e-02
1.3443e-02
1.3376e-02
1.2983e-02
1.2302e-02
1.1518e-02
1.0749e-02
9.1729e-03
6.3526e-03
3.3688e-03
1.0459e-03
-6.3913e-04
-1.8023e-03
-2.6610e-03
-3.3332e-03
-3.9030e-03
-4.4112e-03
-4.7401e-03
-4.9327e-03
-5.2453e-03
-5.8066e-03
-6.6071e-03
-7.4059e-03
-8.0724e-03
-8.6495e-03
-9.2294e-03
-9.7783e-03
-9.9591e-03
-9.6625e-03
-9.0413e-03
-8.2633e-03
-7.2931e-03
-6.3015e-03
-5.4278e-03
-4.6782e-03
-3.7215e-03
-2.2919e-03
-8.6620e-04
2.7790e-04
1.4168e-03
2.6350e-03
3.7502e-03
4.7189e-03
5.6247e-03
6.4832e-03
7.1204e-03
7.3516e-03
7.3853e-03
7.4443e-03
7.4875e-03
7.5098e-03
7.5857e-03
7.5490e-03
7.4596e-03
7.7182e-03
8.1487e-03
8.3623e-03
8.3950e-03
8.4361e-03
8.4251e-03
8.1769e-03
7.5921e-03
6.9875e-03
6.4659e-03
5.7369e-03
4.8859e-03
4.2003e-03
3.6778e-03
3.1415e-03
2.4711e-03
1.7417e-03
1.0906e-03
7.7138e-04
8.4330e-04
1.2316e-03
1.8526e-03
2.7501e-03
3.5360e-03
3.9315e-03
3.9128e-03
3.4979e-03
2.5400e-03
1.4306e-03
5.7292e-04
1.3336e-04
-1.4328e-04
-4.9899e-04
-9.9673e-04
-1.4842e-03
-1.7629e-03
-1.6626e-03
-1.1185e-03
6.4347e-05
1.5607e-03
2.9856e-03
4.3909e-03
5.8810e-03
6.7753e-03
6.7588e-03
6.0645e-03
4.8641e-03
3.2512e-03
1.8990e-03
7.9204e-04
-5.8057e-04
-1.4381e-03
-1.0679e-03
-3.3764e-04
-2.5067e-04
-9.6494e-04
-1.5272e-03
-1.4201e-03
-1.0927e-03
-1.0726e-03
-1.4261e-03
-1.8970e-03
-2.3526e-03
-2.8992e-03
-3.5746e-03
-4.2888e-03
-4.7809e-03
-4.9742e-03
-4.7210e-03
-4.0523e-03
-3.0643e-03
-2.0597e-03
-1.1678e-03
-3.5753e-04
5.1445e-04
1.5094e-03
2.4034e-03
3.0193e-03
3.0476e-03
2.5584e-03
1.7305e-03
5.4847e-04
-9.1818e-04
-2.4127e-03
-4.0779e-03
-6.2167e-03
-8.4100e-03
-1.0302e-02
-1.1948e-02
-1.3123e-02
-1.3617e-02
-1.3630e-02
-1.3368e-02
-1.2546e-02
-1.1347e-02
-1.0135e-02
-9.0223e-03
-8.0651e-03
-7.5467e-03
-7.5019e-03
-7.8108e-03
-8.5164e-03
-9.4127e-03
-1.0235e-02
-1.0813e-02
-1.1074e-02
-1.0721e-02
-9.8606e-03
-8.7525e-03
-7.5424e-03
-6.1515e-03
-4.5019e-03
-2.7827e-03
-1.2907e-03
-5.4133e-06
1.1602e-03
1.8670e-03
2.2215e-03
2.5232e-03
2.5122e-03
1.8937e-03
8.7412e-04
-1.5911e-04
-1.0614e-03
-1.9313e-03
-2.8346e-03
-3.5887e-03
-4.3752e-03
-5.4229e-03
-5.7201e-03
-4.9523e-03
-3.7217e-03
-2.9247e-03
-3.0071e-03
-3.6451e-03
-4.3314e-03
-4.9441e-03
-5.5330e-03
-6.0910e-03
-6.6540e-03
-7.2379e-03
-7.7810e-03
-8.0532e-03
-7.8344e-03
-7.2713e-03
-6.6048e-03
-5.7824e-03
-4.7441e-03
-3.5526e-03
-2.5417e-03
-1.7697e-03
-9.6228e-04
3.0058e-04
2.2006e-03
3.4181e-03
3.1486e-03
2.1837e-03
1.3787e-03
7.4027e-04
-1.3599e-04
-1.4710e-03
-3.2145e-03
-5.0711e-03
-6.7938e-03
-8.0492e-03
-8.8765e-03
-9.3412e-03
-9.6294e-03
-9.8383e-03
-9.7207e-03
-9.1860e-03
-8.1974e-03
-6.9889e-03
-5.8100e-03
-4.8143e-03
-3.9748e-03
-3.4166e-03
-3.1393e-03
-3.0746e-03
-3.2192e-03
-3.5754e-03
-3.7975e-03
-3.7365e-03
-3.4858e-03
-3.2472e-03
-3.0361e-03
-2.6618e-03
-1.9826e-03
-9.8455e-04
1.3096e-04
1.2360e-03
2.2226e-03
3.2424e-03
4.5665e-03
5.8095e-03
6.5614e-03
6.9090e-03
7.0516e-03
6.7692e-03
5.8373e-03
4.3145e-03
2.5436e-03
8.2867e-04
-7.7241e-04
-2.5056e-03
-4.4627e-03
-6.2686e-03
-7.7631e-03
-9.0177e-03
-9.8246e-03
-1.0184e-02
-1.0186e-02
-9.8995e-03
-9.3010e-03
-8.5134e-03
-7.7450e-03
-7.4294e-03
-7.4753e-03
-7.5758e-03
-7.9765e-03
-8.9619e-03
-1.0129e-02
-1.1173e-02
-1.2164e-02
-1.3164e-02
-1.4166e-02
-1.5108e-02
-1.5783e-02
-1.5877e-02
-1.4735e-02
-1.2538e-02
-9.7724e-03
-7.0748e-03
-4.7867e-03
-2.4432e-03
2.2730e-04
2.4925e-03
4.1866e-03
5.6414e-03
6.9039e-03
7.7602e-03
7.8844e-03
7.5734e-03
7.2072e-03
6.9240e-03
6.6679e-03
6.4113e-03
6.2500e-03
6.4298e-03
6.8483e-03
7.4019e-03
8.6321e-03
1.0132e-02
1.0826e-02
1.0573e-02
9.9619e-03
9.7738e-03
1.0048e-02
1.0497e-02
1.0805e-02
1.0915e-02
1.0899e-02
1.0906e-02
1.1004e-02
1.0954e-02
1.0592e-02
1.0112e-02
9.8162e-03
9.8215e-03
9.7545e-03
9.3896e-03
8.9876e-03
8.7675e-03
8.7000e-03
8.6824e-03
8.7155e-03
8.9561e-03
9.4450e-03
1.0123e-02
1.0795e-02
1.1382e-02
1.1904e-02
1.2295e-02
1.2439e-02
1.2496e-02
1.2603e-02
1.2754e-02
1.2854e-02
1.2851e-02
1.2815e-02
1.2801e-02
1.2757e-02
1.2624e-02
1.2394e-02
1.2179e-02
1.2011e-02
1.1693e-02
1.1171e-02
1.0527e-02
9.6241e-03
8.2621e-03
6.2422e-03
3.7868e-03
1.1693e-03
-1.4701e-03
-4.1097e-03
-6.6940e-03
-9.3882e-03
-1.2324e-02
-1.4977e-02
-1.6949e-02
-1.8189e-02
-1.9165e-02
-2.0147e-02
-2.0774e-02
-2.0965e-02
-2.0865e-02
-2.0382e-02
-1.9451e-02
-1.8451e-02
-1.7620e-02
-1.6929e-02
-1.6306e-02
-1.5813e-02
-1.5789e-02
-1.6192e-02
-1.6921e-02
-1.8059e-02
-1.9502e-02
-2.0208e-02
-2.0202e-02
-2.0173e-02
-2.0554e-02
-2.1181e-02
-2.1425e-02
-2.1145e-02
-2.0613e-02
-2.0064e-02
-1.9452e-02
-1.8595e-02
-1.7460e-02
-1.6116e-02
-1.4626e-02
-1.3029e-02
-1.1596e-02
-1.0332e-02
-9.0798e-03
-7.8613e-03
-6.7933e-03
-5.9461e-03
-5.1839e-03
-4.3180e-03
-2.8367e-03
-8.2239e-04
-2.8499e-04
-1.1673e-03
-2.0389e-03
-2.0050e-03
-1.3156e-03
-8.0020e-04
-6.7081e-04
-5.3494e-04
-2.8637e-04
-7.8613e-05
1.2003e-04
4.1568e-04
8.9534e-04
1.1818e-03
9.9680e-04
5.5547e-04
1.4461e-04
-2.0259e-04
-6.5787e-04
-1.2686e-03
-1.6527e-03
-1.6378e-03
-1.2973e-03
-4.6095e-04
8.6413e-04
1.4536e-03
1.3787e-03
1.6081e-03
2.3023e-03
2.9806e-03
3.1099e-03
2.8376e-03
2.5736e-03
2.5337e-03
2.6224e-03
2.7390e-03
2.8496e-03
2.9652e-03
3.0044e-03
2.9537e-03
2.8625e-03
2.8110e-03
2.8159e-03
2.6263e-03
2.2003e-03
1.7932e-03
1.5633e-03
1.4896e-03
1.4862e-03
1.5516e-03
1.7860e-03
2.2285e-03
2.9048e-03
3.7496e-03
4.6955e-03
5.7353e-03
6.6659e-03
7.2329e-03
7.2986e-03
6.9767e-03
6.4311e-03
5.5839e-03
4.1970e-03
2.6814e-03
1.4859e-03
7.7484e-04
1.9303e-04
-5.1608e-04
-1.0305e-03
-1.1005e-03
-8.1044e-04
-4.1217e-04
-4.6001e-05
1.3720e-04
2.2938e-04
5.1730e-04
1.3046e-03
2.5406e-03
3.5324e-03
3.9443e-03
3.8592e-03
3.6097e-03
3.3537e-03
3.0044e-03
2.4901e-03
1.9182e-03
1.4584e-03
1.1714e-03
1.0893e-03
1.2419e-03
1.6983e-03
2.4180e-03
3.3035e-03
4.2222e-03
5.0523e-03
5.6091e-03
5.9388e-03
6.2343e-03
6.9474e-03
7.7811e-03
7.7223e-03
6.6376e-03
4.8910e-03
3.4484e-03
2.4843e-03
1.3794e-03
2.2651e-04
-5.9369e-04
-1.4989e-03
-2.4806e-03
-2.7192e-03
-2.1517e-03
-1.2595e-03
-2.2651e-04
1.0274e-03
2.4658e-03
3.4673e-03
3.6697e-03
3.3684e-03
2.8157e-03
1.9222e-03
6.4802e-04
-1.0026e-03
-2.5936e-03
-3.6900e-03
-3.9561e-03
-3.6159e-03
-2.9142e-03
-1.2209e-03
1.4159e-03
3.8978e-03
5.9738e-03
8.0219e-03
9.4699e-03
1.0086e-02
1.0121e-02
9.6193e-03
8.3049e-03
6.3196e-03
4.2436e-03
2.7718e-03
1.6759e-03
5.4419e-04
-3.5597e-04
-7.2388e-04
-5.8931e-04
-3.3888e-04
-1.8119e-04
-2.0138e-05
2.1377e-04
3.9664e-04
2.7701e-04
-3.4880e-04
-1.2149e-03
-2.0593e-03
-2.8835e-03
-3.9363e-03
-5.3889e-03
-6.7297e-03
-7.5016e-03
-7.5634e-03
-7.1038e-03
-6.1007e-03
-4.6347e-03
-2.9701e-03
-1.4497e-03
-4.1467e-05
1.3895e-03
2.5903e-03
3.4710e-03
4.2026e-03
4.9344e-03
5.5926e-03
5.5598e-03
4.9143e-03
4.7147e-03
5.1741e-03
5.7699e-03
6.0426e-03
6.0779e-03
6.2479e-03
6.7678e-03
7.5906e-03
8.2399e-03
8.5206e-03
8.4623e-03
8.0747e-03
7.2182e-03
5.8472e-03
4.1916e-03
2.6009e-03
1.1938e-03
-1.0323e-05
-6.4963e-04
-7.8214e-04
-9.0058e-04
-8.3801e-04
-2.9616e-05
1.4414e-03
2.9992e-03
3.8208e-03
4.1709e-03
4.7902e-03
6.1534e-03
7.8576e-03
8.8121e-03
8.7749e-03
8.1117e-03
7.1961e-03
6.1841e-03
5.0805e-03
4.0388e-03
3.2255e-03
2.0536e-03
5.5775e-04
-3.0846e-04
-4.3167e-04
-2.3744e-04
-1.7274e-04
-1.4150e-04
3.1529e-04
1.2479e-03
2.4416e-03
3.3105e-03
3.7263e-03
3.8805e-03
3.9870e-03
4.0412e-03
3.7925e-03
3.2432e-03
2.6988e-03
2.2731e-03
1.9053e-03
1.7922e-03
1.9762e-03
2.3656e-03
2.8378e-03
3.3469e-03
3.8333e-03
4.3125e-03
4.9186e-03
5.7928e-03
7.0040e-03
8.3460e-03
9.6143e-03
1.0650e-02
1.1577e-02
1.2566e-02
1.3551e-02
1.4436e-02
1.5426e-02
1.6313e-02
1.6677e-02
1.6456e-02
1.5797e-02
1.4952e-02
1.4208e-02
1.3699e-02
1.3240e-02
1.2708e-02
1.2316e-02
1.2061e-02
1.1744e-02
1.1292e-02
1.0741e-02
9.9263e-03
8.9493e-03
8.1043e-03
7.9010e-03
8.2904e-03
9.0199e-03
9.8151e-03
1.0513e-02
1.0670e-02
1.0475e-02
1.1118e-02
1.2624e-02
1.4210e-02
1.5180e-02
1.5538e-02
1.5641e-02
1.5408e-02
1.4461e-02
1.3391e-02
1.2637e-02
1.1980e-02
1.1043e-02
9.7813e-03
8.9249e-03
8.5672e-03
7.9361e-03
7.0014e-03
6.2870e-03
6.0489e-03
6.1517e-03
6.4475e-03
6.7166e-03
6.9493e-03
7.8680e-03
9.1162e-03
9.0404e-03
7.8452e-03
6.5730e-03
5.7528e-03
5.1824e-03
4.5988e-03
3.9665e-03
3.3529e-03
2.5098e-03
1.4324e-03
4.4555e-04
-3.0332e-04
-9.1238e-04
-1.4869e-03
-2.0860e-03
-2.7159e-03
-3.4451e-03
-4.3137e-03
-5.2362e-03
-6.0968e-03
-6.8562e-03
-7.6164e-03
-8.3902e-03
-8.8573e-03
-8.8892e-03
-8.5241e-03
-7.7373e-03
-6.6397e-03
-5.3510e-03
-4.0329e-03
-2.8030e-03
-1.6548e-03
-6.2159e-04
-5.0641e-05
1.1596e-04
1.2767e-04
-5.7976e-05
-4.7640e-04
-1.0157e-03
-1.5906e-03
-2.1905e-03
-2.7356e-03
-3.1757e-03
-3.3895e-03
-3.2932e-03
-2.8409e-03
-2.1735e-03
-1.3977e-03
-2.8161e-04
9.4605e-04
1.8327e-03
2.4069e-03
2.8788e-03
2.9940e-03
2.6508e-03
1.9042e-03
6.1106e-04
-1.0353e-03
-2.4519e-03
-3.7104e-03
-5.2029e-03
-6.8264e-03
-8.3015e-03
-9.5021e-03
-1.0305e-02
-1.0677e-02
-1.0593e-02
-1.0148e-02
-9.5430e-03
-8.8570e-03
-8.0892e-03
-7.4862e-03
-7.3239e-03
-7.8944e-03
-9.0969e-03
-1.0592e-02
-1.1708e-02
-1.2491e-02
-1.3382e-02
-1.4626e-02
-1.6113e-02
-1.7585e-02
-1.8794e-02
-1.9630e-02
-2.0109e-02
-2.0166e-02
-1.9425e-02
-1.8155e-02
-1.6837e-02
-1.5377e-02
-1.3532e-02
-1.1673e-02
-1.0014e-02
-8.4648e-03
-6.9340e-03
-5.5157e-03
-4.6576e-03
-4.0556e-03
-3.0109e-03
-1.9085e-03
-1.4474e-03
-2.2352e-03
-3.8310e-03
-5.1028e-03
-5.5924e-03
-5.5917e-03
-5.3662e-03
-5.1449e-03
-4.9889e-03
-4.8516e-03
-4.6300e-03
-3.8201e-03
-2.3165e-03
-4.3703e-04
1.0539e-03
1.8752e-03
2.5426e-03
3.3829e-03
4.2203e-03
4.6740e-03
4.6681e-03
4.5824e-03
4.6691e-03
4.9337e-03
5.1177e-03
5.0844e-03
4.9896e-03
4.9902e-03
5.1149e-03
5.3509e-03
5.6608e-03
5.8778e-03
5.8940e-03
5.6535e-03
5.3206e-03
5.0121e-03
4.6968e-03
4.3782e-03
4.1915e-03
4.0879e-03
3.9352e-03
3.5839e-03
3.1440e-03
2.9128e-03
2.7562e-03
2.4142e-03
1.8446e-03
1.1759e-03
5.4200e-04
2.7807e-04
4.6043e-04
4.2568e-04
-8.9993e-05
-7.9074e-04
-1.5663e-03
-2.4796e-03
-3.2564e-03
-3.8750e-03
-4.5195e-03
-5.0127e-03
-5.1554e-03
-5.1629e-03
-5.1788e-03
-5.0492e-03
-4.7547e-03
-4.3961e-03
-3.9979e-03
-3.5983e-03
-3.2727e-03
-2.9826e-03
-2.6502e-03
-2.2138e-03
-1.9210e-03
-2.2413e-03
-2.7532e-03
-2.8442e-03
-2.2150e-03
-1.5118e-03
-1.5918e-03
-2.0170e-03
-2.1386e-03
-2.3864e-03
-3.0077e-03
-3.8161e-03
-4.7573e-03
-5.8480e-03
-6.7499e-03
-7.4202e-03
-8.0577e-03
-8.6550e-03
-9.0301e-03
-8.9056e-03
-8.4578e-03
-8.0142e-03
-7.8804e-03
-8.0415e-03
-8.0936e-03
-7.6787e-03
-6.7558e-03
-6.3532e-03
-7.0185e-03
-8.0214e-03
-8.3388e-03
-7.6068e-03
-6.5641e-03
-5.7915e-03
-5.1195e-03
-4.2934e-03
-3.3311e-03
-2.2167e-03
-9.6177e-04
1.8173e-04
1.1144e-03
1.9134e-03
2.6550e-03
3.2916e-03
3.6431e-03
3.7666e-03
3.8368e-03
4.1114e-03
4.6175e-03
4.9988e-03
5.1849e-03
5.3679e-03
5.4454e-03
5.2083e-03
4.5290e-03
3.8111e-03
3.4827e-03
3.1947e-03
2.6145e-03
2.1414e-03
1.9888e-03
1.9914e-03
1.8915e-03
1.6529e-03
1.3545e-03
1.1416e-03
1.1094e-03
1.2439e-03
1.4459e-03
1.6582e-03
1.8978e-03
2.2064e-03
2.6078e-03
3.0785e-03
3.6287e-03
4.2154e-03
4.7879e-03
5.3897e-03
6.0378e-03
6.6417e-03
6.9981e-03
6.9450e-03
6.6915e-03
6.4524e-03
6.1748e-03
5.7813e-03
5.3023e-03
4.9035e-03
4.6438e-03
4.4599e-03
4.4661e-03
4.8706e-03
5.4342e-03
6.0284e-03
6.9014e-03
8.0981e-03
9.5244e-03
1.0976e-02
1.2350e-02
1.3557e-02
1.4456e-02
1.4864e-02
1.4737e-02
1.4375e-02
1.4250e-02
1.3948e-02
1.2728e-02
1.0499e-02
7.9806e-03
6.1021e-03
4.8989e-03
3.9342e-03
3.1957e-03
2.9311e-03
3.3177e-03
4.1866e-03
5.2918e-03
6.4513e-03
7.5989e-03
8.6129e-03
9.4057e-03
9.9773e-03
1.0302e-02
1.0324e-02
9.9771e-03
9.4714e-03
8.9499e-03
8.0234e-03
6.4609e-03
4.3842e-03
2.5196e-03
1.3760e-03
1.2253e-03
1.6210e-03
2.1244e-03
2.8728e-03
4.1611e-03
5.7392e-03
7.2027e-03
8.3951e-03
9.4140e-03
1.0274e-02
1.0634e-02
1.0376e-02
9.5941e-03
8.6158e-03
7.5071e-03
6.0099e-03
4.0406e-03
1.7415e-03
-2.5074e-04
-1.7825e-03
-3.1921e-03
-4.8060e-03
-6.5858e-03
-7.7155e-03
-8.1176e-03
-8.6230e-03
-9.5122e-03
-1.0446e-02
-1.0974e-02
-1.1002e-02
-1.0601e-02
-9.9193e-03
-9.0175e-03
-7.7139e-03
-6.0639e-03
-4.4814e-03
-3.2293e-03
-2.2171e-03
-1.0873e-03
7.6538e-05
7.3022e-04
6.6394e-04
1.1860e-04
-4.2805e-04
-8.5078e-04
-1.2756e-03
-1.9724e-03
-3.0043e-03
-4.1330e-03
-5.1198e-03
-5.8287e-03
-6.6757e-03
-7.8736e-03
-8.6325e-03
-8.8473e-03
-9.0393e-03
-9.3739e-03
-9.6049e-03
-9.3410e-03
-8.6176e-03
-7.6727e-03
-6.7936e-03
-6.0308e-03
-5.3568e-03
-4.6970e-03
-4.0167e-03
-3.2461e-03
-2.4280e-03
-1.9593e-03
-2.0805e-03
-2.7554e-03
-3.1040e-03
-2.6408e-03
-1.6163e-03
-7.1527e-04
-2.8210e-04
1.2906e-04
9.3064e-04
2.0923e-03
3.2254e-03
4.0810e-03
5.0237e-03
6.2944e-03
7.3433e-03
8.0451e-03
8.7151e-03
9.0604e-03
8.7623e-03
8.2642e-03
7.7686e-03
6.8649e-03
5.6834e-03
4.6135e-03
3.7879e-03
3.4922e-03
4.0328e-03
4.2157e-03
3.3561e-03
2.5969e-03
2.7512e-03
3.6145e-03
4.5167e-03
5.2085e-03
5.6450e-03
5.7551e-03
5.4090e-03
4.8820e-03
4.3328e-03
3.6147e-03
2.6124e-03
1.3623e-03
2.4171e-04
-5.8881e-04
-1.4864e-03
-2.6001e-03
-3.7173e-03
-4.3160e-03
-4.3780e-03
-4.1770e-03
-3.9267e-03
-3.6310e-03
-3.2781e-03
-2.8628e-03
-2.3281e-03
-1.8330e-03
-1.5685e-03
-1.2479e-03
-7.1773e-04
-2.5140e-04
1.0855e-04
5.6456e-04
1.1815e-03
1.9043e-03
2.7051e-03
3.5713e-03
4.5094e-03
5.5897e-03
6.7952e-03
7.7350e-03
8.2722e-03
8.5209e-03
8.5106e-03
8.1181e-03
7.1952e-03
6.0077e-03
4.8603e-03
3.4421e-03
1.5590e-03
9.5639e-05
-7.6883e-04
-1.5159e-03
-2.2385e-03
-2.8259e-03
-3.2904e-03
-3.4936e-03
-3.2530e-03
-2.9100e-03
-2.6483e-03
-1.9551e-03
-9.9235e-04
-3.6786e-04
-1.5311e-04
-3.9592e-05
1.0176e-04
8.9625e-05
-2.8143e-04
-7.9084e-04
-1.2850e-03
-2.1365e-03
-3.4954e-03
-5.1218e-03
-5.9212e-03
-5.7216e-03
-5.3589e-03
-5.3094e-03
-5.3429e-03
-5.1243e-03
-4.5871e-03
-3.8072e-03
-2.9001e-03
-1.8580e-03
-7.3659e-04
4.2760e-04
1.7382e-03
2.9935e-03
3.8620e-03
4.3344e-03
4.6827e-03
5.1967e-03
5.6377e-03
5.6132e-03
5.3032e-03
5.0929e-03
5.3872e-03
6.0008e-03
6.4748e-03
5.9925e-03
4.7460e-03
3.7775e-03
3.6379e-03
4.2339e-03
4.8908e-03
5.3425e-03
5.8749e-03
6.6505e-03
7.6028e-03
8.6922e-03
9.7999e-03
1.0695e-02
1.1420e-02
1.2376e-02
1.2656e-02
1.2455e-02
1.1915e-02
1.1292e-02
1.0621e-02
9.7403e-03
8.6272e-03
7.4511e-03
6.5398e-03
5.9927e-03
5.5471e-03
5.0572e-03
4.6161e-03
4.4319e-03
4.5219e-03
4.4970e-03
4.2098e-03
3.8253e-03
3.2698e-03
2.4190e-03
1.4872e-03
5.0365e-04
-8.3090e-04
-2.1350e-03
-2.9729e-03
-3.4993e-03
-3.9333e-03
-4.2276e-03
-4.3039e-03
-4.1219e-03
-3.6946e-03
-3.2070e-03
-2.8163e-03
-2.3738e-03
-1.7831e-03
-1.4013e-03
-1.3148e-03
-1.3255e-03
-1.1751e-03
-8.8384e-04
-8.8202e-04
-1.0585e-03
-1.0025e-03
-8.8519e-04
-9.4302e-04
-1.1033e-03
-1.2556e-03
-1.4086e-03
-1.6003e-03
-1.8665e-03
-2.3738e-03
-3.0002e-03
-3.4936e-03
-3.7358e-03
-3.8678e-03
-4.1525e-03
-4.5500e-03
-4.8938e-03
-5.3658e-03
-5.8404e-03
-5.6869e-03
-4.8679e-03
-3.6395e-03
-2.5869e-03
-1.8473e-03
-1.1270e-03
-2.1638e-04
8.4137e-04
1.9672e-03
3.0407e-03
3.8886e-03
4.5570e-03
5.0992e-03
5.2710e-03
5.0502e-03
4.7141e-03
4.4507e-03
4.2112e-03
3.8273e-03
3.3096e-03
2.8425e-03
2.5444e-03
2.4476e-03
2.9382e-03
3.5783e-03
3.0046e-03
1.7289e-03
9.4501e-04
1.0938e-03
1.5308e-03
1.6428e-03
1.3720e-03
1.0128e-03
9.6753e-04
1.1188e-03
1.0697e-03
8.4653e-04
6.9933e-04
7.6050e-04
8.5561e-04
7.8280e-04
6.4978e-04
5.9078e-04
4.9126e-04
2.1924e-04
-2.4432e-04
-7.1145e-04
-1.1570e-03
-2.0459e-03
-3.0522e-03
-3.5460e-03
-4.1442e-03
-5.1515e-03
-5.4162e-03
-5.0775e-03
-5.1995e-03
-5.9229e-03
-6.6940e-03
-7.1070e-03
-7.3647e-03
-7.7877e-03
-8.2434e-03
-8.4096e-03
-8.0287e-03
-7.3579e-03
-6.7238e-03
-6.2599e-03
-5.8154e-03
-5.1775e-03
-4.4127e-03
-3.6996e-03
-3.1849e-03
-2.7037e-03
-1.8738e-03
-9.0126e-04
-1.2703e-04
5.0793e-04
1.0861e-03
1.4221e-03
1.3738e-03
9.8543e-04
3.5900e-04
-3.9216e-04
-1.1161e-03
-1.9688e-03
-3.0321e-03
-3.7656e-03
-4.0454e-03
-4.0490e-03
-4.0859e-03
-4.2031e-03
-3.9703e-03
-3.3979e-03
-2.8097e-03
-2.3775e-03
-2.0442e-03
-1.7127e-03
-1.3984e-03
-1.1998e-03
-1.4020e-03
-1.9952e-03
-2.0096e-03
-1.3450e-03
-6.0873e-04
-3.2558e-04
-4.1297e-04
-2.8323e-04
1.2387e-04
4.4421e-04
4.7022e-04
3.3818e-04
5.9131e-04
1.1237e-03
1.4722e-03
1.6514e-03
1.8541e-03
1.8741e-03
1.6801e-03
1.4281e-03
1.1313e-03
7.3339e-04
3.9301e-04
3.2376e-04
6.2362e-04
1.0453e-03
1.2673e-03
4.6769e-04
-7.3722e-04
-1.2186e-03
-1.0584e-03
-8.4503e-04
-8.0171e-04
-9.3483e-04
-1.2397e-03
-1.5601e-03
-1.8889e-03
-2.6076e-03
-3.6321e-03
-4.6044e-03
-5.4215e-03
-6.1838e-03
-6.8773e-03
-7.4399e-03
-7.8000e-03
-7.8262e-03
-7.5909e-03
-7.2525e-03
-6.8561e-03
-6.3593e-03
-5.8788e-03
-5.4689e-03
-5.0307e-03
-4.7297e-03
-4.8380e-03
-5.2364e-03
-5.7184e-03
-6.0721e-03
-6.3139e-03
-6.5527e-03
-6.8061e-03
-7.0176e-03
-7.0519e-03
-6.7942e-03
-6.1916e-03
-5.4541e-03
-4.7342e-03
-3.9283e-03
-3.0065e-03
-2.0572e-03
-1.1427e-03
-2.7299e-04
4.9287e-04
1.1625e-03
1.7350e-03
2.1659e-03
2.3499e-03
1.8773e-03
9.2839e-04
-1.7034e-04
-1.1685e-03
-2.0565e-03
-3.0230e-03
-3.9811e-03
-4.6721e-03
-4.9666e-03
-4.8898e-03
-4.5869e-03
-4.2023e-03
-3.7622e-03
-3.2117e-03
-2.5399e-03
-1.9321e-03
-1.5474e-03
-1.5508e-03
-1.8457e-03
-2.2781e-03
-2.8430e-03
-3.6247e-03
-4.6772e-03
-5.7085e-03
-6.4258e-03
-6.3821e-03
-5.9484e-03
-5.7190e-03
-5.6700e-03
-5.4843e-03
-5.0439e-03
-4.4520e-03
-3.8154e-03
-3.2426e-03
-2.7424e-03
-2.2427e-03
-1.7441e-03
-1.3593e-03
-1.2566e-03
-1.4407e-03
-1.6172e-03
-1.5900e-03
-1.3868e-03
-1.3382e-03
-1.5955e-03
-1.9770e-03
-1.9433e-03
-1.1377e-03
-5.1244e-04
-7.5387e-04
-1.5363e-03
-2.1591e-03
-2.3125e-03
-2.3772e-03
-2.7209e-03
-3.3153e-03
-3.9631e-03
-4.5865e-03
-5.1825e-03
-5.7663e-03
-6.2554e-03
-6.7271e-03
-7.3139e-03
-7.8671e-03
-8.2597e-03
-8.6642e-03
-9.1468e-03
-9.5958e-03
-9.8507e-03
-9.9483e-03
-1.0052e-02
-1.0092e-02
-9.8680e-03
-9.4196e-03
-8.8869e-03
-8.2139e-03
-7.3737e-03
-6.4115e-03
-5.4055e-03
-4.3844e-03
-3.4062e-03
-2.6235e-03
-2.1733e-03
-1.9760e-03
-1.9504e-03
-2.0625e-03
-2.4520e-03
-3.2810e-03
-4.2632e-03
-5.1531e-03
-5.8893e-03
-6.5145e-03
-7.0104e-03
-7.2423e-03
-7.2147e-03
-6.9168e-03
-6.4210e-03
-5.7952e-03
-4.9840e-03
-3.9580e-03
-3.0091e-03
-2.3331e-03
-1.9228e-03
-1.6961e-03
-1.6722e-03
-1.9674e-03
-2.4466e-03
-2.8979e-03
-3.1197e-03
-3.1062e-03
-3.0920e-03
-3.1128e-03
-3.0125e-03
-2.6902e-03
-2.1555e-03
-1.4699e-03
-7.4592e-04
-3.2169e-05
5.9641e-04
1.0900e-03
1.4296e-03
1.5868e-03
1.3728e-03
8.3912e-04
2.2310e-04
-2.1812e-05
-2.0970e-05
-1.7718e-04
-5.9251e-04
-1.0750e-03
-1.3088e-03
-1.2206e-03
-8.9918e-04
-3.8960e-04
3.4506e-04
1.2286e-03
2.0255e-03
2.5653e-03
3.0017e-03
3.4472e-03
3.7212e-03
3.7147e-03
3.4614e-03
3.0786e-03
2.6018e-03
2.0518e-03
1.6454e-03
1.6003e-03
1.6703e-03
1.6033e-03
1.3280e-03
1.0942e-03
1.1576e-03
1.5377e-03
2.0151e-03
2.3037e-03
2.4060e-03
2.4492e-03
2.4093e-03
2.2551e-03
2.0397e-03
1.8086e-03
1.5549e-03
1.3071e-03
1.0783e-03
8.4566e-04
6.1829e-04
4.1430e-04
1.4241e-04
-1.8915e-04
-4.3764e-04
-6.2329e-04
-8.3383e-04
-1.0172e-03
-1.1344e-03
-1.2304e-03
-1.2619e-03
-1.1790e-03
-1.0377e-03
-8.9962e-04
-7.5603e-04
-5.6614e-04
-3.3686e-04
-1.8440e-04
-5.6797e-05
2.2937e-04
6.1523e-04
9.6264e-04
1.2803e-03
1.6517e-03
2.1605e-03
2.7476e-03
3.3091e-03
3.7377e-03
4.0610e-03
4.3193e-03
4.5337e-03
4.6914e-03
4.7287e-03
4.6416e-03
4.4027e-03
3.9853e-03
3.4243e-03
2.8858e-03
2.4213e-03
1.9684e-03
1.4451e-03
8.6617e-04
3.9930e-04
6.6752e-05
-2.1908e-04
-4.8803e-04
-7.0947e-04
-8.4806e-04
-9.2783e-04
-9.7011e-04
-9.5378e-04
-9.2046e-04
-9.8732e-04
-1.0831e-03
-1.0828e-03
-1.0104e-03
-1.0024e-03
-1.1973e-03
-1.3827e-03
-1.3523e-03
-1.1385e-03
-8.8657e-04
-7.0005e-04
-6.1104e-04
-5.8008e-04
-4.9175e-04
-3.5683e-04
-3.0117e-04
-3.2601e-04
-3.5482e-04
-3.4187e-04
-2.9172e-04
-2.0939e-04
-1.1175e-04
-5.4591e-06
1.4587e-04
3.4600e-04
5.5516e-04
7.6813e-04
9.9803e-04
1.2231e-03
1.4640e-03
1.7863e-03
1.9431e-03
1.7724e-03
1.5238e-03
1.3954e-03
1.3818e-03
1.4203e-03
1.4672e-03
1.4133e-03
1.3007e-03
1.2473e-03
1.2492e-03
1.2422e-03
1.2180e-03
1.1898e-03
1.1577e-03
1.1390e-03
1.1424e-03
1.1394e-03
1.1300e-03
1.1380e-03
1.1705e-03
1.2216e-03
1.2889e-03
1.3765e-03
1.5089e-03
1.6861e-03
1.8851e-03
2.0672e-03
2.2158e-03
2.3245e-03
2.4113e-03
2.4858e-03
2.5176e-03
2.5248e-03
2.5562e-03
2.6206e-03
2.6939e-03
2.7420e-03
2.7710e-03
2.8092e-03
2.8722e-03
2.9457e-03
2.9754e-03
2.9700e-03
2.9729e-03
2.9592e-03
2.8942e-03
2.7988e-03
2.7042e-03
2.6106e-03
2.4986e-03
2.3643e-03
2.2358e-03
2.1221e-03
2.0095e-03
1.8929e-03
1.7769e-03
1.6620e-03
1.5525e-03
1.4533e-03
1.3601e-03
1.2690e-03
1.1843e-03
1.1156e-03
1.0683e-03
1.0272e-03
9.8135e-04
9.3190e-04
8.7087e-04
7.8549e-04
6.8715e-04
5.9043e-04
4.9068e-04
3.7721e-04
2.5203e-04
1.7489e-04
1.5904e-04
1.6233e-04
1.5489e-04
1.4362e-04
1.3937e-04
1.4582e-04
1.6404e-04
1.8731e-04
2.0861e-04
2.2037e-04
2.1984e-04
2.0399e-04
1.7229e-04
1.2833e-04
7.9352e-05
2.7875e-05
-2.6323e-05
-7.6284e-05
-1.1561e-04
-1.4035e-04
-1.5172e-04
-1.4441e-04
-1.2222e-04
-9.7653e-05
-9.9984e-05
-1.0809e-04
-8.4731e-05
-3.6068e-05
1.5803e-05
5.6562e-05
8.4984e-05
1.0009e-04
1.1295e-04
1.3022e-04
1.4274e-04
1.4759e-04
1.4952e-04
1.5469e-04
1.6454e-04
1.7699e-04
1.9102e-04
2.0780e-04
2.2898e-04
2.5500e-04
2.8419e-04
3.1214e-04
3.3637e-04
3.6209e-04
3.9136e-04
4.1355e-04
4.2638e-04
4.3380e-04
4.3679e-04
4.3515e-04
4.3333e-04
4.3145e-04
4.2502e-04
4.1644e-04
4.1018e-04
4.0738e-04
4.0690e-04
4.0802e-04
4.0892e-04
4.0954e-04
4.1310e-04
4.1988e-04
4.2797e-04
4.3555e-04
4.4256e-04
4.4946e-04
4.5557e-04
4.5990e-04
4.6191e-04
4.6168e-04
4.5973e-04
4.5636e-04
4.5140e-04
4.4506e-04
4.3771e-04
4.3064e-04
4.2492e-04
4.2077e-04
4.1702e-04
4.1324e-04
4.1070e-04
4.0903e-04
4.0710e-04
4.0578e-04
4.0545e-04
4.0487e-04
4.0429e-04
4.0478e-04
4.0560e-04
4.0589e-04
4.0553e-04
4.0466e-04
4.0320e-04
4.0087e-04
3.9854e-04
3.9798e-04
3.9877e-04
3.9984e-04
4.0044e-04
4.0072e-04
4.0104e-04
4.0173e-04
4.0282e-04
4.0411e-04
4.0533e-04
4.0637e-04
4.0724e-04
4.0797e-04
4.0821e-04
4.0803e-04
4.0782e-04
4.0757e-04
4.0701e-04
4.0635e-04
4.0598e-04
4.0622e-04
4.0663e-04
4.0687e-04
4.0747e-04
4.0837e-04
4.0870e-04
4.0857e-04
4.0857e-04
4.0918e-04
4.1009e-04
4.1069e-04
4.1091e-04
4.1101e-04
4.1110e-04
4.1107e-04
4.1086e-04
4.1050e-04
4.1010e-04
4.0968e-04
4.0922e-04
4.0873e-04
4.0821e-04
4.0770e-04
4.0720e-04
4.0673e-04
4.0628e-04
4.0585e-04
4.0541e-04
4.0497e-04
4.0454e-04
4.0411e-04
4.0367e-04
4.0322e-04
4.0275e-04
4.0228e-04
4.0179e-04
4.0130e-04
4.0082e-04
4.0031e-04
3.9977e-04
3.9922e-04
3.9868e-04
3.9814e-04
3.9760e-04
3.9705e-04
3.9650e-04
3.9595e-04
3.9540e-04
3.9484e-04
3.9429e-04
3.9372e-04
3.9316e-04
3.9259e-04
3.9201e-04
3.9143e-04
3.9084e-04
3.9025e-04
3.8966e-04
3.8906e-04
3.8846e-04
3.8785e-04
3.8725e-04
3.8664e-04
3.8602e-04
3.8540e-04
3.8478e-04
3.8415e-04
3.8352e-04
3.8289e-04
3.8225e-04
3.8160e-04
3.8095e-04
3.8030e-04
3.7964e-04
3.7898e-04
3.7831e-04
3.7764e-04
3.7697e-04
3.7628e-04
3.7560e-04
3.7491e-04
3.7421e-04
3.7351e-04
3.7281e-04
3.7210e-04
3.7138e-04
3.7066e-04
3.6993e-04
3.6920e-04
3.6847e-04
3.6773e-04
3.6698e-04
3.6623e-04
3.6547e-04
3.6470e-04
3.6394e-04
3.6316e-04
3.6238e-04
3.6159e-04
3.6080e-04
