8.1838e-04
8.1651e-04
8.1445e-04
8.1224e-04
8.0986e-04
8.0730e-04
8.0458e-04
8.0169e-04
7.9865e-04
7.9543e-04
7.9207e-04
7.8853e-04
7.8480e-04
7.8092e-04
7.7691e-04
7.7269e-04
7.6833e-04
7.6391e-04
7.5946e-04
7.5475e-04
7.4963e-04
7.4429e-04
7.3916e-04
7.3448e-04
7.2869e-04
7.2108e-04
7.1438e-04
7.0992e-04
7.0651e-04
7.0255e-04
6.9791e-04
6.9344e-04
6.9091e-04
6.9125e-04
6.9303e-04
6.9168e-04
6.8236e-04
6.6949e-04
6.5811e-04
6.4873e-04
6.4214e-04
6.4170e-04
6.4382e-04
6.4363e-04
6.3937e-04
6.3375e-04
6.2901e-04
6.2345e-04
6.1817e-04
6.1985e-04
6.3192e-04
6.4845e-04
6.3899e-04
6.0719e-04
5.8197e-04
5.7456e-04
5.6202e-04
5.0341e-04
4.3017e-04
3.9332e-04
4.0022e-04
4.1859e-04
4.2360e-04
4.0571e-04
3.6753e-04
3.1563e-04
2.8126e-04
2.9786e-04
3.3907e-04
3.8138e-04
4.4434e-04
5.2120e-04
5.9430e-04
6.8708e-04
7.7741e-04
7.8198e-04
7.4070e-04
7.3132e-04
7.4139e-04
7.2546e-04
6.6697e-04
5.8659e-04
5.0287e-04
4.1382e-04
3.2805e-04
2.7249e-04
3.3473e-04
4.7300e-04
5.7833e-04
6.2875e-04
6.6179e-04
6.7381e-04
6.8579e-04
7.3124e-04
7.5892e-04
7.8305e-04
9.3958e-04
1.1018e-03
1.0940e-03
9.5684e-04
7.8794e-04
5.9866e-04
3.5148e-04
6.9643e-05
1.0597e-05
1.2527e-04
1.6517e-04
7.5034e-05
-4.4889e-05
-1.0992e-04
-1.6242e-04
-3.2013e-04
-5.5722e-04
-7.5181e-04
-6.9739e-04
-4.3122e-04
-5.8619e-05
3.0222e-04
6.1746e-04
9.5641e-04
1.4064e-03
2.0374e-03
2.5521e-03
2.6038e-03
2.4578e-03
2.4166e-03
2.3495e-03
2.1350e-03
1.8029e-03
1.2067e-03
3.8557e-04
-3.2769e-04
-7.7336e-04
-1.0506e-03
-1.2821e-03
-1.4420e-03
-1.4900e-03
-1.3097e-03
-7.8774e-04
-3.6724e-04
-3.2170e-04
-1.3144e-04
4.0854e-04
1.0026e-03
1.2334e-03
1.0234e-03
7.1497e-04
5.0225e-04
3.2915e-04
5.3341e-04
1.3121e-03
1.7672e-03
1.5278e-03
1.1554e-03
1.1818e-03
1.6356e-03
2.0211e-03
2.0897e-03
2.0116e-03
1.8612e-03
1.4896e-03
9.9076e-04
5.5896e-04
3.2347e-04
3.3481e-04
6.3942e-04
8.6967e-04
8.0749e-04
4.3409e-04
2.8760e-05
-1.7696e-04
-4.3913e-04
-9.1625e-04
-1.2833e-03
-1.4089e-03
-1.4679e-03
-1.8148e-03
-2.4062e-03
-2.6295e-03
-2.4253e-03
-2.1380e-03
-1.6189e-03
-7.6992e-04
8.0810e-05
7.7022e-04
1.3907e-03
1.9275e-03
2.2851e-03
2.4764e-03
2.6041e-03
2.7001e-03
2.8087e-03
2.9821e-03
3.3467e-03
3.7665e-03
3.7774e-03
3.0405e-03
1.6749e-03
4.3980e-04
-4.3298e-04
-1.2295e-03
-1.6344e-03
-1.2956e-03
-8.1447e-04
-6.3508e-04
-6.4878e-04
-6.4688e-04
-5.3133e-04
-1.2569e-04
5.0754e-04
1.2596e-03
1.9350e-03
2.3763e-03
2.1494e-03
1.3186e-03
4.4330e-04
-5.4122e-05
-1.0420e-04
7.9925e-06
7.3816e-05
-2.6703e-04
-8.2230e-04
-8.5538e-04
-3.1171e-04
4.4433e-04
9.3239e-04
1.0314e-03
8.5193e-04
7.1128e-04
8.8153e-04
1.6760e-03
3.3770e-03
4.9473e-03
5.5905e-03
5.2977e-03
4.5678e-03
3.8753e-03
3.4148e-03
3.1182e-03
2.6167e-03
1.8072e-03
9.0768e-04
3.7469e-04
8.0815e-04
1.4866e-03
1.5134e-03
6.9299e-04
-5.6491e-04
-2.1323e-03
-3.3478e-03
-3.4206e-03
-2.7655e-03
-2.0004e-03
-1.4892e-03
-9.3368e-04
2.8960e-04
1.8707e-03
3.1289e-03
3.3670e-03
2.3968e-03
5.7557e-04
-1.3128e-03
-2.7189e-03
-3.2082e-03
-2.8014e-03
-2.5009e-03
-2.6292e-03
-2.3245e-03
-1.4116e-03
-4.9259e-04
3.2705e-04
1.2770e-03
2.0161e-03
2.3220e-03
2.1579e-03
1.7288e-03
1.0992e-03
6.9114e-04
7.7608e-04
9.4038e-04
7.8601e-04
2.1491e-04
1.4928e-04
1.5062e-03
2.9213e-03
3.2297e-03
3.4694e-03
4.3125e-03
4.8757e-03
4.6570e-03
3.8667e-03
3.5809e-03
4.0918e-03
3.6041e-03
1.7515e-03
-5.2405e-04
-2.9041e-03
-5.5581e-03
-7.4297e-03
-8.1267e-03
-7.9008e-03
-7.2465e-03
-6.3863e-03
-6.0079e-03
-6.2170e-03
-5.2406e-03
-2.5861e-03
1.2889e-03
4.7535e-03
6.6561e-03
7.2564e-03
7.2036e-03
7.2447e-03
7.3021e-03
6.7839e-03
5.2319e-03
2.5751e-03
7.2830e-04
4.0350e-04
3.6829e-04
-2.6452e-05
-2.9550e-04
-2.0848e-04
1.7439e-04
1.1515e-03
2.4401e-03
3.4154e-03
3.7506e-03
3.3090e-03
1.9869e-03
4.9825e-04
-4.2317e-05
-2.0968e-03
-3.8613e-03
-2.7112e-03
-8.6962e-04
-7.7994e-05
6.7270e-04
1.7732e-03
2.3905e-03
1.8517e-03
6.3977e-04
1.5690e-04
6.2482e-04
1.4086e-03
2.4020e-03
3.7655e-03
4.1279e-03
2.7546e-03
2.0973e-05
-1.7712e-03
-8.7376e-04
5.2961e-04
8.2258e-04
2.0598e-03
4.3235e-03
5.0242e-03
3.9652e-03
2.5106e-03
1.7466e-03
1.5877e-03
1.7699e-03
2.1861e-03
2.9068e-03
3.3158e-03
2.9052e-03
1.4995e-03
-4.7292e-04
-2.8491e-03
-4.8370e-03
-5.8731e-03
-6.1702e-03
-6.1108e-03
-5.8061e-03
-5.3835e-03
-4.9364e-03
-4.9345e-03
-5.5892e-03
-6.1749e-03
-6.5084e-03
-7.1632e-03
-7.4867e-03
-6.6860e-03
-5.2080e-03
-3.5403e-03
-8.4060e-04
2.5019e-03
5.2353e-03
6.9192e-03
7.8236e-03
7.8931e-03
7.1180e-03
5.2195e-03
1.6992e-03
-3.7253e-03
-8.5998e-03
-1.1359e-02
-1.1033e-02
-9.2068e-03
-7.7896e-03
-6.7027e-03
-5.0679e-03
-3.7874e-03
-3.3944e-03
-3.0561e-03
-1.9389e-03
7.6514e-06
2.8108e-03
5.7178e-03
6.9829e-03
6.4211e-03
4.9815e-03
3.3110e-03
1.4843e-03
-3.2785e-04
-2.3525e-03
-4.5765e-03
-5.4413e-03
-4.7152e-03
-3.1933e-03
-9.3849e-04
1.8753e-03
3.9302e-03
4.3445e-03
3.0194e-03
1.3332e-03
2.3722e-04
-7.8133e-05
-1.8355e-04
-6.0496e-04
-1.9087e-03
-3.7252e-03
-4.9005e-03
-5.0137e-03
-4.5094e-03
-4.1472e-03
-4.1940e-03
-4.6025e-03
-4.6203e-03
-3.9247e-03
-3.7252e-03
-3.9430e-03
-3.0665e-03
-2.0483e-03
-2.2165e-03
-1.8676e-03
1.4973e-04
3.7432e-03
6.2643e-03
5.9260e-03
3.6274e-03
1.7075e-03
1.4513e-03
2.8417e-03
5.7571e-03
1.1355e-02
1.7155e-02
1.9504e-02
1.9050e-02
1.7627e-02
1.4991e-02
1.0621e-02
4.5137e-03
-2.3131e-03
-8.5461e-03
-1.2830e-02
-1.5522e-02
-1.7243e-02
-1.6476e-02
-1.3564e-02
-1.0154e-02
-7.2301e-03
-4.6436e-03
-2.5561e-03
-7.1637e-04
1.2466e-03
3.0464e-03
4.4150e-03
6.2813e-03
8.8011e-03
1.0793e-02
1.1291e-02
1.0238e-02
7.5887e-03
4.5053e-03
2.2229e-03
5.0701e-04
-1.4516e-03
-4.3775e-03
-7.4970e-03
-9.5436e-03
-1.0258e-02
-1.0191e-02
-9.7155e-03
-9.0757e-03
-8.3980e-03
-8.1323e-03
-8.3369e-03
-8.6555e-03
-9.0668e-03
-9.6763e-03
-9.9330e-03
-9.7209e-03
-9.2723e-03
-8.7841e-03
-8.2041e-03
-7.1641e-03
-5.4652e-03
-3.0824e-03
-1.8869e-04
2.6997e-03
4.7602e-03
5.8571e-03
6.3484e-03
6.5067e-03
5.7941e-03
3.4300e-03
3.6686e-04
-2.5532e-03
-5.6282e-03
-8.4671e-03
-1.0237e-02
-9.8162e-03
-7.0397e-03
-2.3616e-03
1.0667e-03
2.3528e-03
3.7211e-03
6.1799e-03
8.9350e-03
1.1194e-02
1.2723e-02
1.3395e-02
1.3874e-02
1.4541e-02
1.4217e-02
1.3101e-02
1.2375e-02
1.1607e-02
1.0035e-02
7.6191e-03
4.1215e-03
-6.0467e-04
-5.6155e-03
-1.0146e-02
-1.4268e-02
-1.8308e-02
-2.1112e-02
-2.1761e-02
-2.0906e-02
-1.8865e-02
-1.4749e-02
-9.0773e-03
-2.8151e-03
4.3449e-03
1.1723e-02
1.7437e-02
2.0536e-02
2.1251e-02
1.9592e-02
1.7002e-02
1.4996e-02
1.3355e-02
1.1811e-02
1.1379e-02
1.1924e-02
1.2609e-02
1.2932e-02
1.2033e-02
8.9236e-03
4.3135e-03
-4.3331e-04
-4.2600e-03
-6.4692e-03
-7.8131e-03
-9.8979e-03
-1.2841e-02
-1.5950e-02
-1.9607e-02
-2.3809e-02
-2.8050e-02
-3.1901e-02
-3.4080e-02
-3.3078e-02
-2.8846e-02
-2.2873e-02
-1.5971e-02
-9.1500e-03
-3.4384e-03
7.6364e-04
3.1407e-03
2.1536e-03
-1.0646e-03
-4.2683e-03
-6.3050e-03
-6.8311e-03
-4.6960e-03
9.7956e-05
6.4057e-03
1.1495e-02
1.3489e-02
1.1767e-02
7.4784e-03
2.2882e-03
-2.5822e-03
-7.1046e-03
-1.1503e-02
-1.4543e-02
-1.5800e-02
-1.5653e-02
-1.4805e-02
-1.3432e-02
-1.1140e-02
-7.8161e-03
-3.7339e-03
7.7816e-04
5.0148e-03
7.6284e-03
9.1347e-03
1.0691e-02
1.3528e-02
1.7355e-02
2.0801e-02
2.2680e-02
2.2275e-02
1.8741e-02
1.2015e-02
2.3939e-03
-6.9265e-03
-1.3356e-02
-1.6474e-02
-1.7965e-02
-1.8882e-02
-1.8343e-02
-1.6564e-02
-1.4768e-02
-1.3689e-02
-1.3143e-02
-1.2762e-02
-1.1979e-02
-1.0389e-02
-7.9498e-03
-4.4400e-03
9.7251e-04
7.0115e-03
1.2173e-02
1.6356e-02
1.9688e-02
2.1318e-02
2.1995e-02
2.2751e-02
2.3559e-02
2.3618e-02
2.1971e-02
1.8065e-02
1.2306e-02
6.7689e-03
2.4860e-03
-6.3734e-04
-2.0328e-03
-2.7971e-03
-4.6881e-03
-7.5306e-03
-1.0288e-02
-1.2688e-02
-1.4572e-02
-1.5434e-02
-1.4232e-02
-1.0568e-02
-4.4001e-03
2.5323e-03
8.5767e-03
1.1720e-02
1.1575e-02
8.5672e-03
3.8692e-03
-1.4697e-03
-5.2602e-03
-6.7410e-03
-6.2030e-03
-4.2678e-03
-1.5971e-03
1.1216e-03
4.0679e-03
5.7003e-03
3.1577e-03
-1.0944e-03
-3.9969e-03
-5.2662e-03
-6.4084e-03
-8.3293e-03
-1.0959e-02
-1.4310e-02
-1.8465e-02
-2.1052e-02
-2.1080e-02
-1.8456e-02
-1.4106e-02
-8.8619e-03
-3.3379e-03
2.1282e-03
7.2620e-03
1.1559e-02
1.4587e-02
1.5129e-02
1.3450e-02
1.1468e-02
9.4130e-03
6.4048e-03
2.5365e-03
-1.8932e-03
-6.9366e-03
-1.1995e-02
-1.6303e-02
-1.9113e-02
-1.9713e-02
-1.8290e-02
-1.7168e-02
-1.7422e-02
-1.8580e-02
-2.0387e-02
-2.2818e-02
-2.4476e-02
-2.4609e-02
-2.2724e-02
-1.9113e-02
-1.4539e-02
-1.0716e-02
-7.8148e-03
-4.9724e-03
-2.1668e-03
-6.5699e-05
2.4055e-03
5.6771e-03
8.5362e-03
1.0687e-02
1.2688e-02
1.4306e-02
1.5518e-02
1.7498e-02
1.9160e-02
1.8187e-02
1.4584e-02
9.8866e-03
5.1408e-03
8.6426e-04
-2.6816e-03
-4.2792e-03
-3.8832e-03
-2.1656e-03
-1.7079e-04
1.9043e-03
4.2412e-03
7.0380e-03
1.0525e-02
1.4534e-02
1.8677e-02
2.2188e-02
2.4497e-02
2.5038e-02
2.3417e-02
1.8720e-02
1.1483e-02
3.4272e-03
-4.5740e-03
-1.1970e-02
-1.8023e-02
-2.1212e-02
-2.1581e-02
-2.0004e-02
-1.6691e-02
-1.1884e-02
-5.1780e-03
3.4293e-04
2.0725e-03
7.8768e-04
-1.9853e-03
-5.9778e-03
-1.0279e-02
-1.3781e-02
-1.4861e-02
-1.3763e-02
-1.0529e-02
-5.2007e-03
1.9431e-03
1.0041e-02
1.7477e-02
2.2282e-02
2.4226e-02
2.3127e-02
1.8934e-02
1.2664e-02
6.0802e-03
1.7306e-04
-5.1818e-03
-1.0325e-02
-1.6171e-02
-2.3383e-02
-3.0164e-02
-3.4435e-02
-3.4697e-02
-3.1189e-02
-2.5250e-02
-1.9723e-02
-1.5472e-02
-1.1712e-02
-7.7994e-03
-4.1969e-03
-1.9912e-03
-1.0577e-03
-1.6230e-04
1.3864e-03
3.4532e-03
5.3520e-03
6.6974e-03
7.1334e-03
7.1425e-03
7.2853e-03
6.7972e-03
5.2845e-03
3.1789e-03
4.2437e-04
-3.5469e-03
-8.0898e-03
-1.1738e-02
-1.2673e-02
-9.4450e-03
-2.0071e-03
9.4193e-03
2.2423e-02
3.1401e-02
3.4575e-02
3.4531e-02
3.3513e-02
3.0328e-02
2.4458e-02
1.7046e-02
9.6680e-03
1.8470e-03
-6.6757e-03
-1.3517e-02
-1.7753e-02
-2.0259e-02
-2.1196e-02
-1.9824e-02
-1.5102e-02
-7.2883e-03
2.2473e-03
9.7036e-03
1.3739e-02
1.2702e-02
7.4110e-03
-6.8191e-04
-9.4704e-03
-1.7227e-02
-2.2072e-02
-2.3545e-02
-2.2331e-02
-1.9543e-02
-1.5785e-02
-1.0177e-02
-4.4923e-03
-6.8874e-04
2.0624e-03
4.5825e-03
5.9836e-03
5.1012e-03
1.1276e-03
-3.8990e-03
-8.1406e-03
-1.1329e-02
-1.3078e-02
-1.2872e-02
-1.0230e-02
-6.5719e-03
-3.5631e-03
-2.3355e-03
-3.1460e-03
-7.2010e-03
-1.4359e-02
-2.2100e-02
-2.7868e-02
-3.0646e-02
-2.9259e-02
-2.3937e-02
-1.5902e-02
-7.3639e-03
4.1042e-04
4.5540e-03
5.1779e-03
2.5839e-03
-2.5214e-03
-9.6983e-03
-1.9271e-02
-2.9110e-02
-3.6570e-02
-4.0134e-02
-4.0249e-02
-3.7437e-02
-3.3239e-02
-2.8207e-02
-2.2701e-02
-1.7239e-02
-1.2578e-02
-8.7718e-03
-5.7533e-03
-3.6882e-03
-2.7824e-03
-2.4636e-03
-2.2141e-03
-2.1572e-03
-2.2217e-03
-1.9190e-03
1.7039e-04
4.0207e-03
9.3434e-03
1.5679e-02
2.2780e-02
2.7555e-02
2.9148e-02
2.9009e-02
2.9169e-02
3.0526e-02
3.2260e-02
3.3382e-02
3.2993e-02
3.0415e-02
2.4367e-02
1.4455e-02
2.3167e-03
-7.2279e-03
-1.2308e-02
-1.4456e-02
-1.4732e-02
-1.2584e-02
-6.9354e-03
8.9820e-04
9.6023e-03
1.8717e-02
2.8203e-02
3.5351e-02
3.8010e-02
3.7952e-02
3.7493e-02
3.5751e-02
3.2013e-02
2.6168e-02
1.7830e-02
9.1140e-03
-8.2657e-04
-1.1610e-02
-1.8644e-02
-2.1218e-02
-2.2079e-02
-2.2396e-02
-2.2062e-02
-2.0910e-02
-1.9856e-02
-1.9973e-02
-2.3067e-02
-2.7894e-02
-3.2054e-02
-3.4512e-02
-3.5467e-02
-3.4020e-02
-3.1052e-02
-2.8213e-02
-2.6701e-02
-2.6244e-02
-2.4873e-02
-2.1569e-02
-1.5896e-02
-8.9065e-03
-1.7232e-03
5.0344e-03
1.0928e-02
1.2518e-02
1.0064e-02
5.0058e-03
-1.6944e-03
-9.5658e-03
-1.6571e-02
-2.1378e-02
-2.3558e-02
-2.2676e-02
-1.9632e-02
-1.5758e-02
-1.2924e-02
-1.2535e-02
-1.3492e-02
-1.4468e-02
-1.4239e-02
-1.2830e-02
-1.0221e-02
-5.6771e-03
1.0075e-03
8.1583e-03
1.7452e-02
2.6458e-02
3.2196e-02
3.4353e-02
3.3468e-02
2.9088e-02
2.2231e-02
1.4172e-02
5.4522e-03
-1.9238e-03
-6.6148e-03
-9.1669e-03
-9.6466e-03
-6.4918e-03
-8.4237e-04
5.7298e-03
1.2330e-02
1.8909e-02
2.3732e-02
2.6067e-02
2.3510e-02
1.6009e-02
6.3686e-03
-3.9339e-03
-1.3176e-02
-1.6222e-02
-1.3282e-02
-6.5681e-03
2.0603e-04
6.1283e-03
1.3503e-02
2.4592e-02
3.4165e-02
3.7964e-02
3.7568e-02
3.5267e-02
3.2942e-02
3.1152e-02
2.9737e-02
2.8154e-02
2.6165e-02
2.3549e-02
2.0225e-02
1.6040e-02
1.0875e-02
4.0466e-03
-6.4731e-03
-1.9383e-02
-3.0275e-02
-3.7060e-02
-4.1151e-02
-4.2141e-02
-4.0598e-02
-3.6659e-02
-3.0772e-02
-2.3791e-02
-1.7978e-02
-1.3730e-02
-9.9674e-03
-6.1600e-03
-3.3598e-03
-2.1288e-03
-2.1782e-03
-2.6975e-03
-3.0535e-03
-5.4368e-04
6.0734e-03
1.6356e-02
2.8020e-02
4.3449e-02
5.7161e-02
6.2430e-02
6.2887e-02
6.2245e-02
6.0844e-02
5.6467e-02
4.8317e-02
3.7159e-02
2.3477e-02
9.7642e-03
-2.6636e-03
-1.5245e-02
-2.9595e-02
-4.2814e-02
-5.1531e-02
-5.5351e-02
-5.5101e-02
-5.0829e-02
-4.2392e-02
-3.1410e-02
-2.2770e-02
-1.7535e-02
-1.6143e-02
-1.9416e-02
-2.4006e-02
-2.6570e-02
-2.4888e-02
-1.9146e-02
-1.0028e-02
-1.7544e-03
3.4752e-03
3.8558e-03
-1.3610e-03
-1.0135e-02
-1.8550e-02
-2.4051e-02
-2.5227e-02
-1.8465e-02
-4.8263e-03
8.3252e-03
1.8083e-02
2.5340e-02
2.7993e-02
2.6188e-02
2.0996e-02
1.4171e-02
1.2034e-02
1.6993e-02
2.6198e-02
3.6240e-02
4.5745e-02
5.5293e-02
6.3251e-02
6.9008e-02
7.2148e-02
7.3755e-02
7.7658e-02
8.4260e-02
9.3907e-02
1.0650e-01
1.1853e-01
1.2823e-01
1.3476e-01
1.3964e-01
1.4200e-01
1.4271e-01
1.4361e-01
1.4241e-01
1.3812e-01
1.3190e-01
1.2377e-01
1.1547e-01
1.0784e-01
9.9625e-02
8.9557e-02
7.7870e-02
6.6462e-02
5.6097e-02
4.6472e-02
3.8614e-02
3.2235e-02
2.6498e-02
1.9077e-02
8.1724e-03
-8.0715e-03
-2.7564e-02
-4.7072e-02
-6.5708e-02
-8.2609e-02
-9.7953e-02
-1.1284e-01
-1.2685e-01
-1.3895e-01
-1.4889e-01
-1.5757e-01
-1.6576e-01
-1.7327e-01
-1.7937e-01
-1.8287e-01
-1.8379e-01
-1.8268e-01
-1.8050e-01
-1.7748e-01
-1.7386e-01
-1.6979e-01
-1.6536e-01
-1.6070e-01
-1.5578e-01
-1.4992e-01
-1.4214e-01
-1.3106e-01
-1.1677e-01
-1.0475e-01
-9.5787e-02
-8.5095e-02
-7.0769e-02
-5.4623e-02
-3.9073e-02
-2.4890e-02
-1.1263e-02
2.2284e-03
1.5247e-02
2.6533e-02
3.6561e-02
4.6032e-02
5.3775e-02
5.7902e-02
5.9574e-02
5.9792e-02
6.0928e-02
6.3982e-02
6.9718e-02
7.7003e-02
8.4946e-02
9.1622e-02
9.5441e-02
9.9170e-02
1.0565e-01
1.1725e-01
1.3353e-01
1.4746e-01
1.5740e-01
1.6699e-01
1.7753e-01
1.8703e-01
1.9468e-01
2.0095e-01
2.0631e-01
2.1103e-01
2.1516e-01
2.1684e-01
2.1503e-01
2.0939e-01
2.0090e-01
1.9037e-01
1.7514e-01
1.5266e-01
1.2606e-01
9.6055e-02
5.7803e-02
1.3003e-02
-3.0557e-02
-7.7575e-02
-1.2870e-01
-1.7043e-01
-2.0380e-01
-2.2433e-01
-2.3163e-01
-2.3405e-01
-2.3775e-01
-2.4069e-01
-2.4137e-01
-2.4103e-01
-2.4064e-01
-2.3908e-01
-2.3348e-01
-2.2311e-01
-2.0810e-01
-1.9302e-01
-1.8027e-01
-1.6851e-01
-1.5610e-01
-1.4312e-01
-1.3075e-01
-1.2090e-01
-1.1339e-01
-1.0696e-01
-1.0122e-01
-9.8198e-02
-9.7796e-02
-9.8966e-02
-1.0014e-01
-1.0055e-01
-1.0023e-01
-9.9901e-02
-9.9955e-02
-9.7671e-02
-9.1002e-02
-8.0639e-02
-6.8721e-02
-5.7438e-02
-4.7159e-02
-3.7186e-02
-2.5561e-02
-1.1033e-02
3.2241e-03
1.4973e-02
2.7028e-02
4.1683e-02
6.1866e-02
9.0794e-02
1.2551e-01
1.5887e-01
1.8797e-01
2.1615e-01
2.4252e-01
2.6154e-01
2.7251e-01
2.7672e-01
2.7787e-01
2.7538e-01
2.6724e-01
2.5310e-01
2.3521e-01
2.1526e-01
1.9410e-01
1.7406e-01
1.5633e-01
1.3677e-01
1.1704e-01
1.0208e-01
9.1765e-02
8.2255e-02
6.9046e-02
4.6551e-02
1.5854e-02
-1.5525e-02
-4.7416e-02
-7.5569e-02
-9.3783e-02
-1.0309e-01
-1.0822e-01
-1.1270e-01
-1.1575e-01
-1.1612e-01
-1.1442e-01
-1.1324e-01
-1.1380e-01
-1.1573e-01
-1.1865e-01
-1.2216e-01
-1.2385e-01
-1.2287e-01
-1.1874e-01
-1.0969e-01
-9.1445e-02
-6.6956e-02
-2.6707e-02
1.7235e-02
5.1618e-02
7.9301e-02
1.0231e-01
1.1980e-01
1.2540e-01
1.1567e-01
9.3536e-02
6.8346e-02
4.6671e-02
2.8792e-02
1.5241e-02
6.4650e-03
-3.0134e-04
-6.8201e-03
-1.3455e-02
-2.2035e-02
-3.4059e-02
-4.7958e-02
-6.5182e-02
-8.7079e-02
-1.0889e-01
-1.2837e-01
-1.5202e-01
-1.7601e-01
-1.9396e-01
-2.0647e-01
-2.1666e-01
-2.2348e-01
-2.2683e-01
-2.2562e-01
-2.1906e-01
-2.0765e-01
-1.8942e-01
-1.6686e-01
-1.4565e-01
-1.2423e-01
-9.9136e-02
-7.0064e-02
-3.8532e-02
-9.0346e-03
1.3347e-02
2.9949e-02
4.1997e-02
5.0870e-02
5.6541e-02
5.9661e-02
5.9662e-02
5.8781e-02
5.9161e-02
6.3509e-02
7.1833e-02
8.5116e-02
1.0780e-01
1.3911e-01
1.7561e-01
2.0678e-01
2.3804e-01
2.7018e-01
2.9544e-01
3.1365e-01
3.2604e-01
3.3250e-01
3.3622e-01
3.3901e-01
3.3980e-01
3.3755e-01
3.3228e-01
3.2339e-01
3.1017e-01
2.9319e-01
2.7341e-01
2.5147e-01
2.2740e-01
1.9700e-01
1.5960e-01
9.5222e-02
4.1504e-02
-4.3898e-04
-4.5258e-02
-9.3003e-02
-1.3752e-01
-1.7032e-01
-1.9266e-01
-2.1118e-01
-2.2797e-01
-2.4103e-01
-2.4953e-01
-2.5403e-01
-2.5478e-01
-2.5123e-01
-2.4217e-01
-2.2440e-01
-1.9514e-01
-1.5542e-01
-1.0727e-01
-5.8946e-02
-4.6523e-03
5.0601e-02
9.7606e-02
1.3353e-01
1.6955e-01
2.1279e-01
2.5537e-01
2.8128e-01
2.9160e-01
2.9413e-01
2.9402e-01
2.9000e-01
2.7955e-01
2.6496e-01
2.5203e-01
2.4043e-01
2.2701e-01
2.1131e-01
1.9455e-01
1.7615e-01
1.5613e-01
1.3568e-01
1.1746e-01
9.3301e-02
6.0204e-02
2.4184e-02
-1.3742e-02
-5.5467e-02
-1.0658e-01
-1.5946e-01
-2.1120e-01
-2.6205e-01
-3.0328e-01
-3.3989e-01
-3.7129e-01
-3.9106e-01
-3.9976e-01
-4.0471e-01
-4.0371e-01
-3.9331e-01
-3.7632e-01
-3.5889e-01
-3.4288e-01
-3.2486e-01
-3.0231e-01
-2.7473e-01
-2.4664e-01
-2.1964e-01
-1.9328e-01
-1.7089e-01
-1.4592e-01
-1.1342e-01
-7.6191e-02
-4.2223e-02
-9.3797e-03
3.0491e-02
7.4715e-02
1.1906e-01
1.6265e-01
1.9750e-01
2.2435e-01
2.4702e-01
2.6077e-01
2.6415e-01
2.5959e-01
2.4745e-01
2.2829e-01
2.0140e-01
1.7252e-01
1.4181e-01
1.0168e-01
7.0200e-02
5.2146e-02
3.8832e-02
2.4170e-02
9.2902e-03
-2.5324e-03
-1.0956e-02
-1.7786e-02
-2.4713e-02
-3.3340e-02
-4.4435e-02
-5.4429e-02
-6.0275e-02
-6.1837e-02
-6.3592e-02
-6.7714e-02
-7.1045e-02
-7.0520e-02
-6.5612e-02
-5.6325e-02
-4.2401e-02
-2.5311e-02
-6.7466e-03
1.7397e-02
4.4263e-02
6.5654e-02
7.9582e-02
8.8771e-02
9.4290e-02
9.1966e-02
8.1095e-02
6.3804e-02
4.2252e-02
1.7965e-02
-6.5492e-03
-3.0168e-02
-5.3125e-02
-7.5356e-02
-9.4963e-02
-1.1379e-01
-1.3443e-01
-1.5453e-01
-1.7105e-01
-1.8426e-01
-1.9604e-01
-2.0518e-01
-2.0854e-01
-2.0599e-01
-1.9216e-01
-1.6599e-01
-1.2863e-01
-8.2209e-02
-4.3574e-02
-1.6302e-02
4.0578e-03
2.3711e-02
3.9643e-02
4.8783e-02
5.2483e-02
5.5557e-02
6.0326e-02
6.7034e-02
7.6062e-02
8.6944e-02
9.9631e-02
1.1749e-01
1.3689e-01
1.5449e-01
1.7143e-01
1.8785e-01
2.0026e-01
2.0517e-01
2.0321e-01
1.9496e-01
1.7948e-01
1.5980e-01
1.3470e-01
1.1274e-01
9.9096e-02
9.3336e-02
9.2353e-02
9.2175e-02
9.1777e-02
9.0791e-02
8.7439e-02
7.5316e-02
5.4604e-02
2.3536e-02
-1.2182e-02
-4.1880e-02
-6.8925e-02
-9.7011e-02
-1.2195e-01
-1.3947e-01
-1.4940e-01
-1.5574e-01
-1.6285e-01
-1.7228e-01
-1.8301e-01
-1.9256e-01
-2.0152e-01
-2.1228e-01
-2.2434e-01
-2.3379e-01
-2.3734e-01
-2.3673e-01
-2.3425e-01
-2.3102e-01
-2.2689e-01
-2.2072e-01
-2.1279e-01
-2.0395e-01
-1.9510e-01
-1.8626e-01
-1.7476e-01
-1.5802e-01
-1.4103e-01
-1.2834e-01
-1.1790e-01
-1.0706e-01
-9.8055e-02
-9.3578e-02
-9.3796e-02
-9.8098e-02
-1.0384e-01
-1.0847e-01
-1.1098e-01
-1.1114e-01
-1.0908e-01
-1.0446e-01
-9.6413e-02
-8.1742e-02
-6.4267e-02
-4.0763e-02
-5.1223e-03
2.5906e-02
4.8483e-02
6.4096e-02
7.2447e-02
7.0790e-02
5.3726e-02
2.3094e-02
-9.5023e-03
-3.6754e-02
-6.3436e-02
-9.6238e-02
-1.2955e-01
-1.5525e-01
-1.7291e-01
-1.8693e-01
-1.9849e-01
-2.0696e-01
-2.1194e-01
-2.1562e-01
-2.1956e-01
-2.2398e-01
-2.2814e-01
-2.3146e-01
-2.3369e-01
-2.3474e-01
-2.3412e-01
-2.3248e-01
-2.3035e-01
-2.2758e-01
-2.2383e-01
-2.1772e-01
-2.0944e-01
-1.9927e-01
-1.8717e-01
-1.7324e-01
-1.5680e-01
-1.3706e-01
-1.1254e-01
-7.9874e-02
-4.3206e-02
-7.8867e-03
2.8072e-02
6.3367e-02
9.6125e-02
1.2579e-01
1.5297e-01
1.7321e-01
1.8943e-01
2.0539e-01
2.2146e-01
2.3533e-01
2.4527e-01
2.5101e-01
2.5411e-01
2.5504e-01
2.5285e-01
2.4639e-01
2.3507e-01
2.1383e-01
1.8711e-01
1.4710e-01
9.4013e-02
4.4168e-02
-5.7311e-03
-5.2730e-02
-9.4182e-02
-1.2594e-01
-1.5122e-01
-1.7431e-01
-1.9031e-01
-1.9316e-01
-1.8187e-01
-1.5795e-01
-1.2478e-01
-8.8743e-02
-5.6423e-02
-3.3269e-02
-1.3102e-02
1.1335e-02
3.5398e-02
5.1932e-02
6.0871e-02
6.5257e-02
6.6119e-02
6.5096e-02
6.2168e-02
5.5389e-02
4.5950e-02
3.8450e-02
3.6737e-02
3.9667e-02
4.8545e-02
6.4036e-02
8.2511e-02
1.0104e-01
1.1885e-01
1.3765e-01
1.5594e-01
1.7120e-01
1.8352e-01
1.9580e-01
2.0941e-01
2.2309e-01
2.3383e-01
2.4267e-01
2.5428e-01
2.6759e-01
2.7439e-01
2.6932e-01
2.5529e-01
2.3020e-01
1.9604e-01
1.5979e-01
1.1663e-01
7.3129e-02
2.8577e-02
-1.1165e-02
-4.6088e-02
-8.0378e-02
-1.0804e-01
-1.3168e-01
-1.5241e-01
-1.6976e-01
-1.8627e-01
-2.0404e-01
-2.1642e-01
-2.1854e-01
-2.1098e-01
-1.9913e-01
-1.8460e-01
-1.6667e-01
-1.4459e-01
-1.1563e-01
-8.0023e-02
-4.1526e-02
-5.5561e-03
2.6582e-02
5.9029e-02
9.3222e-02
1.2713e-01
1.6004e-01
1.9267e-01
2.2480e-01
2.5497e-01
2.7954e-01
2.9583e-01
3.0530e-01
3.1129e-01
3.1779e-01
3.2436e-01
3.2917e-01
3.3172e-01
3.3317e-01
3.3408e-01
3.3372e-01
3.3276e-01
3.3214e-01
3.3075e-01
3.2741e-01
3.2169e-01
3.1299e-01
3.0133e-01
2.8917e-01
2.7620e-01
2.5996e-01
2.3954e-01
2.1646e-01
1.9266e-01
1.6693e-01
1.3530e-01
1.0721e-01
8.5926e-02
6.8853e-02
5.4068e-02
4.0990e-02
2.8914e-02
1.7577e-02
8.8908e-03
2.1380e-03
-5.0208e-03
-1.3158e-02
-2.1169e-02
-2.7863e-02
-3.3677e-02
-3.9599e-02
-4.5846e-02
-5.1786e-02
-5.6314e-02
-5.6053e-02
-5.1217e-02
-4.1117e-02
-2.4612e-02
-2.3244e-03
2.3342e-02
5.1196e-02
7.9343e-02
1.0361e-01
1.1842e-01
1.2692e-01
1.3503e-01
1.4025e-01
1.3949e-01
1.3224e-01
1.2190e-01
1.1197e-01
1.0445e-01
1.0310e-01
1.0609e-01
1.1057e-01
1.1594e-01
1.2269e-01
1.3065e-01
1.3903e-01
1.4731e-01
1.5527e-01
1.6317e-01
1.6997e-01
1.7358e-01
1.7450e-01
1.7239e-01
1.6487e-01
1.4814e-01
1.2675e-01
1.0914e-01
9.5316e-02
8.1729e-02
6.8783e-02
5.5777e-02
4.1576e-02
2.7224e-02
1.4478e-02
2.3702e-03
-1.2479e-02
-2.9616e-02
-4.5247e-02
-5.6690e-02
-6.4446e-02
-7.2042e-02
-8.2315e-02
-9.5121e-02
-1.1026e-01
-1.2810e-01
-1.4677e-01
-1.6354e-01
-1.7727e-01
-1.8871e-01
-1.9799e-01
-2.0056e-01
-1.9396e-01
-1.8390e-01
-1.7376e-01
-1.6602e-01
-1.6304e-01
-1.6456e-01
-1.6976e-01
-1.7701e-01
-1.8660e-01
-1.9961e-01
-2.1035e-01
-2.1552e-01
-2.1592e-01
-2.1096e-01
-1.9870e-01
-1.8066e-01
-1.5425e-01
-1.2537e-01
-9.3689e-02
-5.6790e-02
-1.5734e-02
2.3215e-02
5.8138e-02
9.2634e-02
1.2616e-01
1.5279e-01
1.7201e-01
1.8678e-01
2.0121e-01
2.1301e-01
2.2067e-01
2.2637e-01
2.3159e-01
2.3576e-01
2.3848e-01
2.3987e-01
2.4156e-01
2.4389e-01
2.4528e-01
2.4507e-01
2.4364e-01
2.4032e-01
2.3403e-01
2.2403e-01
2.0931e-01
1.8597e-01
1.5643e-01
1.2773e-01
9.8358e-02
5.7255e-02
1.7297e-02
-1.4933e-02
-5.2965e-02
-1.0221e-01
-1.5329e-01
-1.9088e-01
-2.1893e-01
-2.3995e-01
-2.5352e-01
-2.6405e-01
-2.7342e-01
-2.7861e-01
-2.7830e-01
-2.7348e-01
-2.6615e-01
-2.5806e-01
-2.5069e-01
-2.4513e-01
-2.4228e-01
-2.4162e-01
-2.4170e-01
-2.4092e-01
-2.3745e-01
-2.3016e-01
-2.1713e-01
-1.9884e-01
-1.7668e-01
-1.5579e-01
-1.3402e-01
-1.0631e-01
-7.2925e-02
-3.9000e-02
-5.9402e-03
3.2084e-02
7.0565e-02
1.0785e-01
1.4533e-01
1.7837e-01
2.0406e-01
2.2588e-01
2.4038e-01
2.4156e-01
2.2809e-01
2.0236e-01
1.6212e-01
9.6969e-02
2.7460e-02
-2.2804e-02
-6.4837e-02
-1.0774e-01
-1.4698e-01
-1.7977e-01
-2.0809e-01
-2.2933e-01
-2.4550e-01
-2.6054e-01
-2.7456e-01
-2.8749e-01
-2.9898e-01
-3.0730e-01
-3.1354e-01
-3.2023e-01
-3.3052e-01
-3.4441e-01
-3.5999e-01
-3.7566e-01
-3.8893e-01
-3.9892e-01
-4.0294e-01
-3.9463e-01
-3.6937e-01
-3.3424e-01
-2.9267e-01
-2.4670e-01
-2.0002e-01
-1.5026e-01
-9.3642e-02
-2.4560e-02
3.9914e-02
9.3013e-02
1.4305e-01
2.0232e-01
2.5580e-01
2.8933e-01
3.0910e-01
3.1861e-01
3.1109e-01
2.7936e-01
2.2845e-01
1.7485e-01
1.1069e-01
5.1727e-02
-2.1969e-03
-5.6973e-02
-1.1222e-01
-1.5702e-01
-1.8597e-01
-2.0602e-01
-2.2086e-01
-2.3179e-01
-2.3869e-01
-2.3970e-01
-2.3528e-01
-2.2638e-01
-2.1362e-01
-1.9806e-01
-1.8024e-01
-1.5906e-01
-1.3327e-01
-1.0339e-01
-7.1792e-02
-3.5112e-02
6.2751e-03
4.6816e-02
8.2333e-02
1.1395e-01
1.4896e-01
1.7940e-01
2.0165e-01
2.2221e-01
2.4194e-01
2.5885e-01
2.7077e-01
2.7467e-01
2.7357e-01
2.6898e-01
2.6141e-01
2.5117e-01
2.3961e-01
2.2670e-01
2.1179e-01
1.9489e-01
1.7696e-01
1.5937e-01
1.4229e-01
1.2683e-01
1.1192e-01
9.4179e-02
7.7074e-02
6.6551e-02
6.2098e-02
6.0827e-02
6.0908e-02
6.2609e-02
6.5926e-02
6.9576e-02
6.9454e-02
6.3412e-02
4.7841e-02
2.4510e-02
-2.6143e-03
-3.2246e-02
-6.3192e-02
-9.7428e-02
-1.3556e-01
-1.7154e-01
-1.9994e-01
-2.2230e-01
-2.4045e-01
-2.5348e-01
-2.6114e-01
-2.6445e-01
-2.6424e-01
-2.5977e-01
-2.4936e-01
-2.3670e-01
-2.2571e-01
-2.1605e-01
-2.0534e-01
-1.9055e-01
-1.7219e-01
-1.4997e-01
-1.2188e-01
-8.1976e-02
-2.8643e-02
3.0938e-02
8.9695e-02
1.4323e-01
1.9931e-01
2.6629e-01
3.2771e-01
3.7695e-01
4.1232e-01
4.3724e-01
4.6018e-01
4.7742e-01
4.8278e-01
4.7789e-01
4.6564e-01
4.4352e-01
4.1339e-01
3.7949e-01
3.3885e-01
2.9176e-01
2.3859e-01
1.7474e-01
8.9924e-02
-9.6993e-03
-9.7314e-02
-1.5698e-01
-2.0880e-01
-2.6562e-01
-3.2228e-01
-3.7097e-01
-4.0301e-01
-4.2090e-01
-4.3165e-01
-4.3758e-01
-4.3472e-01
-4.1304e-01
-3.7256e-01
-3.2170e-01
-2.5827e-01
-2.0089e-01
-1.5860e-01
-1.1391e-01
-6.1991e-02
-1.1497e-02
3.5956e-02
8.1115e-02
1.2181e-01
1.5616e-01
1.8703e-01
2.1894e-01
2.4446e-01
2.5864e-01
2.6861e-01
2.7855e-01
2.9085e-01
3.0601e-01
3.2112e-01
3.3435e-01
3.4483e-01
3.5069e-01
3.5173e-01
3.4757e-01
3.3915e-01
3.2269e-01
2.9390e-01
2.5846e-01
2.2259e-01
1.8213e-01
1.3077e-01
5.9815e-02
-8.7126e-03
-6.5472e-02
-1.2230e-01
-1.8325e-01
-2.3778e-01
-2.9409e-01
-3.4305e-01
-3.7465e-01
-4.0017e-01
-4.2074e-01
-4.3207e-01
-4.3232e-01
-4.2368e-01
-4.0644e-01
-3.8263e-01
-3.5479e-01
-3.2393e-01
-2.8535e-01
-2.4481e-01
-2.1129e-01
-1.8485e-01
-1.6135e-01
-1.4115e-01
-1.2336e-01
-1.0666e-01
-8.9051e-02
-7.4394e-02
-6.5829e-02
-5.9816e-02
-5.3306e-02
-4.6152e-02
-3.9389e-02
-3.2697e-02
-2.5195e-02
-1.5704e-02
-4.3037e-03
8.2709e-03
2.1961e-02
3.6320e-02
4.8796e-02
5.9282e-02
6.8004e-02
7.5060e-02
7.9121e-02
7.9460e-02
7.5065e-02
6.5426e-02
5.2791e-02
4.1283e-02
3.1966e-02
2.4147e-02
1.7557e-02
1.2406e-02
8.9755e-03
5.7474e-03
1.1902e-03
-5.5274e-03
-1.6067e-02
-3.0549e-02
-4.7062e-02
-6.5397e-02
-8.7244e-02
-1.0764e-01
-1.2195e-01
-1.2888e-01
-1.3096e-01
-1.3141e-01
-1.2967e-01
-1.2275e-01
-1.1159e-01
-9.9032e-02
-8.6801e-02
-7.4949e-02
-6.4683e-02
-5.5890e-02
-4.8123e-02
-4.1242e-02
-3.5662e-02
-3.0211e-02
-2.3894e-02
-1.6564e-02
-8.6504e-03
7.2575e-05
8.6498e-03
1.5790e-02
2.3600e-02
3.4362e-02
5.0058e-02
6.8960e-02
8.6451e-02
1.0194e-01
1.1784e-01
1.3302e-01
1.4418e-01
1.5281e-01
1.6005e-01
1.6523e-01
1.6503e-01
1.5714e-01
1.3683e-01
1.0265e-01
6.6431e-02
3.4504e-02
4.1823e-03
-2.8054e-02
-6.7004e-02
-1.0497e-01
-1.3117e-01
-1.4689e-01
-1.5843e-01
-1.6759e-01
-1.7140e-01
-1.6833e-01
-1.5909e-01
-1.4771e-01
-1.3639e-01
-1.2454e-01
-1.1160e-01
-9.8039e-02
-8.4830e-02
-7.2584e-02
-6.0681e-02
-4.8726e-02
-3.9289e-02
-3.4119e-02
-3.1041e-02
-2.7360e-02
-2.0053e-02
-9.7967e-03
1.3400e-03
1.3208e-02
2.7290e-02
4.6120e-02
6.7458e-02
8.4150e-02
9.7584e-02
1.1399e-01
1.3245e-01
1.4551e-01
1.5187e-01
1.5780e-01
1.6661e-01
1.7670e-01
1.8578e-01
1.9364e-01
2.0110e-01
2.0749e-01
2.1225e-01
2.1486e-01
2.1364e-01
2.0594e-01
1.8948e-01
1.4779e-01
8.3679e-02
3.0383e-02
-6.9884e-03
-3.2093e-02
-4.8512e-02
-5.9226e-02
-6.5214e-02
-6.7993e-02
-6.5892e-02
-5.5699e-02
-3.7559e-02
-1.6366e-02
7.3140e-03
3.3580e-02
6.2355e-02
8.9564e-02
1.1313e-01
1.3096e-01
1.4463e-01
1.5743e-01
1.6739e-01
1.7410e-01
1.7937e-01
1.8383e-01
1.8680e-01
1.8512e-01
1.7814e-01
1.6849e-01
1.5992e-01
1.5222e-01
1.4213e-01
1.2825e-01
1.1083e-01
9.0268e-02
6.8317e-02
4.6789e-02
2.7061e-02
1.0442e-02
-3.7144e-03
-1.6080e-02
-2.4373e-02
-2.8563e-02
-3.0261e-02
-3.1028e-02
-3.1512e-02
-3.2077e-02
-3.2947e-02
-3.4356e-02
-3.5846e-02
-3.6637e-02
-3.5806e-02
-3.3089e-02
-2.6377e-02
-1.3933e-02
2.0647e-03
1.8970e-02
3.7296e-02
5.7079e-02
7.7171e-02
9.5771e-02
1.1162e-01
1.2555e-01
1.3618e-01
1.4396e-01
1.5137e-01
1.5822e-01
1.6272e-01
1.6307e-01
1.5953e-01
1.5538e-01
1.5272e-01
1.5078e-01
1.4795e-01
1.4256e-01
1.3606e-01
1.3068e-01
1.2516e-01
1.1856e-01
1.1244e-01
1.0608e-01
9.7913e-02
8.8810e-02
8.1101e-02
7.5853e-02
7.3078e-02
7.1797e-02
7.1349e-02
7.0177e-02
6.7337e-02
6.2013e-02
5.3526e-02
4.1075e-02
2.6738e-02
1.3058e-02
7.1220e-04
-1.0124e-02
-2.0971e-02
-3.2824e-02
-4.1900e-02
-4.7755e-02
-5.2844e-02
-5.6950e-02
-5.8156e-02
-5.4639e-02
-4.7398e-02
-3.7847e-02
-2.3720e-02
-2.8270e-03
2.2085e-02
4.7529e-02
7.1217e-02
9.1906e-02
1.0867e-01
1.2303e-01
1.3498e-01
1.4450e-01
1.5153e-01
1.5762e-01
1.6399e-01
1.6929e-01
1.7151e-01
1.6960e-01
1.6408e-01
1.5698e-01
1.4746e-01
1.3399e-01
1.1745e-01
9.5897e-02
7.1727e-02
4.8095e-02
2.5083e-02
1.8904e-03
-2.2159e-02
-4.5831e-02
-6.7526e-02
-8.7078e-02
-1.0172e-01
-1.1201e-01
-1.1928e-01
-1.2390e-01
-1.2671e-01
-1.2772e-01
-1.2613e-01
-1.2292e-01
-1.1948e-01
-1.1594e-01
-1.1179e-01
-1.0686e-01
-1.0034e-01
-9.0680e-02
-7.6396e-02
-5.7694e-02
-3.0918e-02
-9.6221e-04
2.5198e-02
4.9275e-02
6.9625e-02
8.6902e-02
9.9311e-02
1.0542e-01
1.0801e-01
1.0718e-01
1.0403e-01
9.9517e-02
9.3089e-02
8.5158e-02
7.7727e-02
7.1763e-02
6.6729e-02
6.1956e-02
5.6394e-02
4.9298e-02
4.1442e-02
3.3581e-02
2.5677e-02
1.8721e-02
1.3953e-02
1.2737e-02
1.5171e-02
2.0221e-02
2.5583e-02
3.0606e-02
3.6383e-02
4.2747e-02
4.7981e-02
5.1414e-02
5.3149e-02
5.4142e-02
5.5023e-02
5.5357e-02
5.4332e-02
5.1448e-02
4.7254e-02
4.2422e-02
3.6086e-02
2.8994e-02
2.2523e-02
1.5828e-02
7.9498e-03
-1.0902e-03
-1.0433e-02
-2.0450e-02
-3.3167e-02
-4.7359e-02
-6.0931e-02
-7.3804e-02
-8.6079e-02
-9.8021e-02
-1.1214e-01
-1.2654e-01
-1.3755e-01
-1.4372e-01
-1.4750e-01
-1.5056e-01
-1.5250e-01
-1.5249e-01
-1.5056e-01
-1.4762e-01
-1.4388e-01
-1.3838e-01
-1.2978e-01
-1.1937e-01
-1.0844e-01
-9.4805e-02
-7.9413e-02
-6.7544e-02
-5.9352e-02
-5.3038e-02
-4.6831e-02
-4.1189e-02
-3.6982e-02
-3.4867e-02
-3.4194e-02
-3.4087e-02
-3.4751e-02
-3.6480e-02
-4.0225e-02
-4.6294e-02
-5.2806e-02
-5.8001e-02
-6.1489e-02
-6.3844e-02
-6.4765e-02
-6.1201e-02
-5.3658e-02
-4.3664e-02
-3.3071e-02
-2.2674e-02
-1.2234e-02
-1.5098e-03
7.7667e-03
1.5112e-02
2.1770e-02
2.8609e-02
3.5257e-02
4.0551e-02
4.3587e-02
4.5285e-02
4.6573e-02
4.7739e-02
4.8270e-02
4.7424e-02
4.5306e-02
4.1951e-02
3.6487e-02
2.8620e-02
1.8659e-02
7.7707e-03
-2.5091e-03
-1.0836e-02
-1.7637e-02
-2.3630e-02
-2.7773e-02
-2.9693e-02
-2.8856e-02
-2.6041e-02
-2.2374e-02
-1.8473e-02
-1.4244e-02
-9.4558e-03
-4.8999e-03
-1.6864e-03
1.0857e-04
9.7181e-04
1.9763e-03
3.3133e-03
4.1362e-03
4.2819e-03
4.2456e-03
4.1561e-03
3.8790e-03
3.7659e-03
4.2744e-03
5.8210e-03
8.2363e-03
1.1447e-02
1.5934e-02
2.1981e-02
2.8287e-02
3.3924e-02
3.8287e-02
4.1837e-02
4.4903e-02
4.7044e-02
4.7281e-02
4.5344e-02
4.1967e-02
3.7017e-02
2.9653e-02
1.8877e-02
4.7108e-03
-9.9729e-03
-2.1421e-02
-3.1237e-02
-4.1403e-02
-5.0471e-02
-5.8329e-02
-6.5857e-02
-7.1778e-02
-7.5261e-02
-7.6991e-02
-7.7681e-02
-7.6711e-02
-7.3101e-02
-6.7377e-02
-6.0371e-02
-5.3258e-02
-4.7038e-02
-4.2283e-02
-3.9521e-02
-3.8651e-02
-3.9447e-02
-4.0837e-02
-4.2237e-02
-4.3540e-02
-4.4251e-02
-4.3661e-02
-4.2342e-02
-4.1069e-02
-4.0850e-02
-4.1608e-02
-4.3077e-02
-4.5526e-02
-4.9781e-02
-5.5595e-02
-6.1971e-02
-6.7959e-02
-7.2860e-02
-7.6742e-02
-8.0880e-02
-8.5653e-02
-9.0283e-02
-9.3892e-02
-9.6418e-02
-9.8401e-02
-1.0004e-01
-1.0100e-01
-1.0089e-01
-9.9306e-02
-9.6407e-02
-9.2275e-02
-8.6665e-02
-7.9984e-02
-7.2394e-02
-6.4819e-02
-5.8106e-02
-5.1594e-02
-4.4502e-02
-3.7416e-02
-3.1090e-02
-2.5340e-02
-1.9941e-02
-1.6204e-02
-1.4127e-02
-1.3132e-02
-1.3092e-02
-1.4550e-02
-1.6507e-02
-1.8149e-02
-2.0047e-02
-2.2631e-02
-2.5647e-02
-2.8396e-02
-3.0719e-02
-3.3050e-02
-3.5698e-02
-3.8509e-02
-4.0312e-02
-4.0624e-02
-3.8769e-02
-3.5129e-02
-3.0399e-02
-2.5163e-02
-1.9426e-02
-1.3584e-02
-7.9562e-03
-3.0980e-03
8.4469e-04
3.4935e-03
4.5875e-03
3.6660e-03
1.4676e-03
-9.9053e-04
-3.2662e-03
-5.4433e-03
-7.6827e-03
-1.1201e-02
-1.6522e-02
-2.1847e-02
-2.5479e-02
-2.6934e-02
-2.6450e-02
-2.4768e-02
-2.1627e-02
-1.6799e-02
-9.5589e-03
-2.1312e-03
3.3857e-03
7.4960e-03
1.1130e-02
1.3537e-02
1.3912e-02
1.2342e-02
9.4561e-03
5.2403e-03
7.0244e-04
-5.0805e-03
-1.8419e-02
-3.2892e-02
-4.1605e-02
-4.6849e-02
-5.2980e-02
-5.9424e-02
-6.4245e-02
-6.7616e-02
-7.0879e-02
-7.4717e-02
-7.8932e-02
-8.3212e-02
-8.7612e-02
-9.1627e-02
-9.4892e-02
-9.8025e-02
-1.0109e-01
-1.0309e-01
-1.0410e-01
-1.0481e-01
-1.0512e-01
-1.0517e-01
-1.0601e-01
-1.0739e-01
-1.0839e-01
-1.0854e-01
-1.0833e-01
-1.0896e-01
-1.0968e-01
-1.0886e-01
-1.0679e-01
-1.0424e-01
-1.0032e-01
-9.4320e-02
-8.6553e-02
-7.6222e-02
-6.1392e-02
-4.2485e-02
-2.0835e-02
-1.2423e-03
1.1881e-02
2.1856e-02
3.0884e-02
3.9324e-02
4.4552e-02
4.6167e-02
4.4764e-02
4.0661e-02
3.3495e-02
2.1236e-02
4.0690e-03
-1.5835e-02
-3.2420e-02
-4.9414e-02
-6.7472e-02
-8.2595e-02
-9.2613e-02
-9.9562e-02
-1.0560e-01
-1.1080e-01
-1.1469e-01
-1.1715e-01
-1.1843e-01
-1.1887e-01
-1.1772e-01
-1.1571e-01
-1.1420e-01
-1.1269e-01
-1.1020e-01
-1.0685e-01
-1.0336e-01
-1.0030e-01
-9.7237e-02
-9.3353e-02
-8.7938e-02
-8.1413e-02
-7.4609e-02
-6.7340e-02
-5.8261e-02
-4.9514e-02
-4.3396e-02
-3.9538e-02
-3.7108e-02
-3.6037e-02
-3.5298e-02
-3.3440e-02
-3.1925e-02
-3.2302e-02
-3.2996e-02
-3.2716e-02
-3.1673e-02
-3.0052e-02
-2.7694e-02
-2.4303e-02
-1.9781e-02
-1.4208e-02
-8.2741e-03
-2.3746e-03
4.2859e-03
1.2206e-02
1.9891e-02
2.6636e-02
3.2896e-02
3.8926e-02
4.4353e-02
4.9258e-02
5.3853e-02
5.8151e-02
6.1707e-02
6.3720e-02
6.4549e-02
6.4653e-02
6.4049e-02
6.2458e-02
5.9490e-02
5.4651e-02
4.7276e-02
3.9224e-02
3.1906e-02
2.5018e-02
1.8437e-02
1.2720e-02
8.9519e-03
7.4506e-03
7.7458e-03
9.3468e-03
1.1899e-02
1.4792e-02
1.7639e-02
2.0421e-02
2.2769e-02
2.4384e-02
2.5645e-02
2.6601e-02
2.6895e-02
2.7436e-02
2.9026e-02
3.1468e-02
3.3992e-02
3.6213e-02
3.7852e-02
3.8859e-02
3.9543e-02
3.9829e-02
3.9119e-02
3.7418e-02
3.4882e-02
3.1858e-02
2.8461e-02
2.4434e-02
1.9377e-02
1.3157e-02
5.7865e-03
-3.0353e-03
-1.3631e-02
-2.3641e-02
-3.1634e-02
-3.8049e-02
-4.3996e-02
-4.9716e-02
-5.4514e-02
-5.7914e-02
-5.9946e-02
-6.0398e-02
-5.9778e-02
-5.8324e-02
-5.6335e-02
-5.4145e-02
-5.2413e-02
-5.1519e-02
-5.1707e-02
-5.2786e-02
-5.4399e-02
-5.5964e-02
-5.7512e-02
-5.9540e-02
-6.0570e-02
-5.9279e-02
-5.6580e-02
-5.3681e-02
-5.0285e-02
-4.6450e-02
-4.2673e-02
-3.8419e-02
-3.2856e-02
-2.7316e-02
-2.2690e-02
-1.7974e-02
-1.1845e-02
-3.0722e-03
6.8665e-03
1.6074e-02
2.3624e-02
3.0150e-02
3.6144e-02
4.1565e-02
4.5560e-02
4.6742e-02
4.3860e-02
4.0043e-02
3.7675e-02
3.5484e-02
2.9359e-02
2.0843e-02
1.4422e-02
1.0937e-02
8.7213e-03
7.0450e-03
5.6149e-03
4.3241e-03
2.9795e-03
1.3973e-03
-8.7911e-04
-5.0698e-03
-1.2179e-02
-2.1537e-02
-3.1050e-02
-3.9792e-02
-4.8756e-02
-5.8301e-02
-6.7172e-02
-7.2140e-02
-7.3902e-02
-7.4465e-02
-7.3750e-02
-7.0505e-02
-6.3503e-02
-5.3993e-02
-4.2963e-02
-3.0925e-02
-1.7684e-02
-4.0785e-03
8.3034e-03
1.9047e-02
2.8251e-02
3.5074e-02
4.0540e-02
4.5096e-02
4.8117e-02
4.9593e-02
4.9873e-02
4.9517e-02
4.8843e-02
4.7931e-02
4.6680e-02
4.5036e-02
4.2898e-02
4.0097e-02
3.6753e-02
3.3099e-02
2.9210e-02
2.4715e-02
1.9428e-02
1.3978e-02
9.0226e-03
4.8908e-03
2.2116e-03
9.6497e-04
5.9593e-04
6.6624e-04
1.0813e-03
1.5092e-03
2.3776e-03
4.9924e-03
8.5350e-03
1.1708e-02
1.5320e-02
2.0428e-02
2.7128e-02
3.3867e-02
3.9496e-02
4.3950e-02
4.8020e-02
5.2672e-02
5.6784e-02
5.8496e-02
5.7902e-02
5.5882e-02
5.3379e-02
5.0526e-02
4.6877e-02
4.2565e-02
3.8414e-02
3.5537e-02
3.3430e-02
3.1128e-02
2.8538e-02
2.5697e-02
2.2247e-02
1.7311e-02
1.0292e-02
8.8435e-04
-7.5646e-03
-1.3423e-02
-1.8886e-02
-2.4922e-02
-3.0659e-02
-3.5615e-02
-3.9555e-02
-4.2210e-02
-4.4295e-02
-4.6259e-02
-4.7662e-02
-4.8173e-02
-4.7905e-02
-4.7070e-02
-4.6224e-02
-4.5836e-02
-4.5737e-02
-4.5679e-02
-4.5851e-02
-4.6989e-02
-4.9696e-02
-5.2536e-02
-5.4503e-02
-5.6016e-02
-5.7184e-02
-5.7686e-02
-5.7469e-02
-5.6789e-02
-5.5535e-02
-5.3489e-02
-5.0500e-02
-4.5969e-02
-4.0368e-02
-3.4301e-02
-2.7996e-02
-2.1379e-02
-1.4212e-02
-6.3720e-03
2.8444e-03
1.2109e-02
1.8655e-02
2.3369e-02
2.7702e-02
3.2051e-02
3.5748e-02
3.8286e-02
3.9546e-02
4.0412e-02
4.1469e-02
4.2498e-02
4.2772e-02
4.2200e-02
4.2243e-02
4.3432e-02
4.5482e-02
4.8093e-02
5.1116e-02
5.3836e-02
5.6391e-02
5.9668e-02
6.3139e-02
6.6016e-02
6.9107e-02
7.2945e-02
7.7361e-02
8.1251e-02
8.3825e-02
8.4758e-02
8.4836e-02
8.4524e-02
8.3718e-02
8.1841e-02
7.8283e-02
7.2704e-02
6.5327e-02
5.7272e-02
4.9532e-02
4.2308e-02
3.5294e-02
2.8763e-02
2.3635e-02
2.1106e-02
2.0819e-02
2.1347e-02
2.2368e-02
2.4286e-02
2.6533e-02
2.8279e-02
2.9111e-02
2.9228e-02
2.9433e-02
3.0841e-02
3.2804e-02
3.4186e-02
3.4968e-02
3.5689e-02
3.6547e-02
3.7726e-02
3.9105e-02
3.9425e-02
3.8643e-02
3.7500e-02
3.5444e-02
3.2116e-02
2.8086e-02
2.3873e-02
1.9427e-02
1.4301e-02
8.2044e-03
1.1664e-03
-5.6327e-03
-1.2209e-02
-1.9398e-02
-2.5845e-02
-3.0616e-02
-3.3900e-02
-3.6106e-02
-3.7417e-02
-3.7685e-02
-3.6248e-02
-3.2860e-02
-2.8374e-02
-2.3662e-02
-1.8641e-02
-1.3981e-02
-1.0434e-02
-8.0032e-03
-6.3714e-03
-6.1278e-03
-6.9085e-03
-7.9652e-03
-9.1847e-03
-1.0274e-02
-1.0648e-02
-9.9444e-03
-8.0533e-03
-4.5811e-03
5.6026e-04
7.0671e-03
1.4446e-02
2.2226e-02
2.9719e-02
3.6664e-02
4.3026e-02
4.8811e-02
5.4105e-02
5.8481e-02
6.1721e-02
6.3797e-02
6.4760e-02
6.5013e-02
6.5201e-02
6.5237e-02
6.4626e-02
6.3842e-02
6.3291e-02
6.2667e-02
6.1647e-02
6.0198e-02
5.8207e-02
5.5325e-02
5.1274e-02
4.7414e-02
4.4385e-02
4.1726e-02
3.9568e-02
3.8283e-02
3.7354e-02
3.5927e-02
3.3629e-02
3.1310e-02
2.9466e-02
2.7626e-02
2.5148e-02
2.1895e-02
1.8064e-02
1.4604e-02
1.2373e-02
1.0645e-02
8.5984e-03
6.2562e-03
3.7253e-03
8.6259e-04
-2.8622e-03
-7.1768e-03
-1.1505e-02
-1.6007e-02
-2.0782e-02
-2.5328e-02
-2.9477e-02
-3.3238e-02
-3.6390e-02
-3.8744e-02
-4.0369e-02
-4.1599e-02
-4.2550e-02
-4.3109e-02
-4.3297e-02
-4.3285e-02
-4.3418e-02
-4.4175e-02
-4.5950e-02
-4.8472e-02
-5.1334e-02
-5.4478e-02
-5.8134e-02
-6.2275e-02
-6.5936e-02
-6.8848e-02
-7.1377e-02
-7.3467e-02
-7.5048e-02
-7.6334e-02
-7.7171e-02
-7.7327e-02
-7.6951e-02
-7.5940e-02
-7.3302e-02
-6.8582e-02
-6.2130e-02
-5.4535e-02
-4.5895e-02
-3.5066e-02
-2.4047e-02
-1.5165e-02
-8.6527e-03
-3.3296e-03
8.0462e-04
3.9328e-03
6.1281e-03
6.6081e-03
5.3009e-03
5.0061e-03
6.5725e-03
8.7877e-03
1.1777e-02
1.6206e-02
2.0318e-02
2.3149e-02
2.5184e-02
2.6367e-02
2.6044e-02
2.3661e-02
1.9564e-02
1.4038e-02
6.8087e-03
-1.4427e-03
-9.1080e-03
-1.6446e-02
-2.4314e-02
-3.2600e-02
-3.9810e-02
-4.5226e-02
-4.9181e-02
-5.2464e-02
-5.5294e-02
-5.6900e-02
-5.7359e-02
-5.7325e-02
-5.6681e-02
-5.5084e-02
-5.3418e-02
-5.1934e-02
-5.0064e-02
-4.7727e-02
-4.5197e-02
-4.2660e-02
-4.0387e-02
-3.8846e-02
-3.7333e-02
-3.5027e-02
-3.1694e-02
-2.7880e-02
-2.4408e-02
-2.0934e-02
-1.6608e-02
-1.1794e-02
-7.0398e-03
-1.8553e-03
3.8019e-03
9.4050e-03
1.4362e-02
1.8616e-02
2.2785e-02
2.7099e-02
3.1211e-02
3.5073e-02
3.8919e-02
4.3201e-02
4.7771e-02
5.0542e-02
5.1498e-02
5.1852e-02
5.1565e-02
4.9819e-02
4.5922e-02
4.0628e-02
3.4736e-02
2.7238e-02
1.8291e-02
1.0189e-02
3.6822e-03
-1.9146e-03
-6.3582e-03
-9.2331e-03
-1.0315e-02
-1.0437e-02
-1.0300e-02
-9.3776e-03
-7.2788e-03
-4.1020e-03
-1.8042e-04
4.1453e-03
8.9189e-03
1.4342e-02
2.0881e-02
2.7527e-02
3.3233e-02
3.8102e-02
4.2810e-02
4.7796e-02
5.2631e-02
5.6636e-02
5.9298e-02
6.0708e-02
6.2309e-02
6.4400e-02
6.5765e-02
6.5657e-02
6.4368e-02
6.2310e-02
5.9620e-02
5.6326e-02
5.2664e-02
4.8618e-02
4.3037e-02
3.6472e-02
3.0440e-02
2.5417e-02
2.1298e-02
1.8626e-02
1.7618e-02
1.8070e-02
1.9864e-02
2.2716e-02
2.7010e-02
3.2079e-02
3.7005e-02
4.1484e-02
4.5807e-02
5.0152e-02
5.4488e-02
5.8708e-02
6.2572e-02
6.5981e-02
6.9172e-02
7.2128e-02
7.4420e-02
7.6711e-02
7.9871e-02
8.3016e-02
8.5342e-02
8.6891e-02
8.8382e-02
9.0237e-02
9.1580e-02
9.1886e-02
9.1074e-02
8.9364e-02
8.6830e-02
8.3906e-02
8.1278e-02
7.9778e-02
7.8334e-02
7.5410e-02
7.0667e-02
6.4777e-02
5.8137e-02
4.9801e-02
3.9515e-02
2.9771e-02
2.0673e-02
1.0679e-02
-4.7160e-04
-1.0947e-02
-1.9478e-02
-2.7017e-02
-3.4514e-02
-4.1806e-02
-4.8913e-02
-5.5554e-02
-6.0807e-02
-6.4376e-02
-6.5182e-02
-6.3132e-02
-5.9047e-02
-5.3812e-02
-4.7837e-02
-4.1363e-02
-3.4880e-02
-2.8909e-02
-2.3209e-02
-1.7500e-02
-1.2149e-02
-7.3566e-03
-2.9724e-03
1.6465e-03
7.3369e-03
1.3245e-02
1.8339e-02
2.2934e-02
2.7686e-02
3.2724e-02
3.7222e-02
4.0403e-02
4.4281e-02
5.0051e-02
5.4511e-02
5.6559e-02
5.7622e-02
5.9483e-02
6.2445e-02
6.4227e-02
6.3961e-02
6.2874e-02
6.2272e-02
6.2443e-02
6.2621e-02
6.2251e-02
6.1574e-02
6.0825e-02
5.9705e-02
5.8130e-02
5.6128e-02
5.3031e-02
4.8739e-02
4.3556e-02
3.7831e-02
3.1665e-02
2.4967e-02
1.8319e-02
1.2192e-02
6.1582e-03
-1.1509e-05
-5.9300e-03
-1.0551e-02
-1.3608e-02
-1.5522e-02
-1.6680e-02
-1.7225e-02
-1.7658e-02
-1.8254e-02
-1.9063e-02
-1.9831e-02
-2.0476e-02
-2.1768e-02
-2.3800e-02
-2.5657e-02
-2.7202e-02
-2.8682e-02
-2.9063e-02
-2.8670e-02
-2.8697e-02
-2.8531e-02
-2.7118e-02
-2.4605e-02
-2.1998e-02
-1.9986e-02
-1.8723e-02
-1.8040e-02
-1.7675e-02
-1.7521e-02
-1.7878e-02
-1.8579e-02
-1.9241e-02
-1.9675e-02
-2.0348e-02
-2.1808e-02
-2.3581e-02
-2.5225e-02
-2.7311e-02
-3.0007e-02
-3.2941e-02
-3.5741e-02
-3.8112e-02
-3.9566e-02
-3.9974e-02
-3.9595e-02
-3.8881e-02
-3.7312e-02
-3.3364e-02
-2.7554e-02
-2.1279e-02
-1.5128e-02
-8.7115e-03
-1.1238e-03
6.7928e-03
1.3475e-02
1.8762e-02
2.3168e-02
2.6390e-02
2.8238e-02
2.8212e-02
2.6594e-02
2.3899e-02
2.0659e-02
1.7519e-02
1.5486e-02
1.4923e-02
1.5437e-02
1.6121e-02
1.7002e-02
1.8962e-02
2.1927e-02
2.5228e-02
2.8490e-02
3.1593e-02
3.4206e-02
3.6303e-02
3.7811e-02
3.8107e-02
3.6933e-02
3.4359e-02
3.0077e-02
2.4123e-02
1.8366e-02
1.3349e-02
8.3493e-03
4.3676e-03
2.1784e-03
1.3928e-03
1.6091e-03
3.3696e-03
6.7530e-03
1.1085e-02
1.5542e-02
2.0254e-02
2.5848e-02
3.1454e-02
3.6011e-02
3.8843e-02
4.0477e-02
4.1048e-02
4.0557e-02
3.9177e-02
3.7564e-02
3.5759e-02
3.3125e-02
2.9670e-02
2.6069e-02
2.2850e-02
1.9140e-02
1.4320e-02
9.9311e-03
6.5930e-03
3.6367e-03
8.3865e-04
-1.2108e-03
-1.5292e-03
-1.0539e-03
-1.0594e-03
-1.6161e-03
-2.2267e-03
-2.7908e-03
-3.4690e-03
-4.4277e-03
-5.9171e-03
-7.9135e-03
-1.0496e-02
-1.3307e-02
-1.5895e-02
-1.7745e-02
-1.9070e-02
-2.0225e-02
-2.0591e-02
-2.0003e-02
-1.9054e-02
-1.7324e-02
-1.3747e-02
-9.0555e-03
-4.1804e-03
1.8126e-03
8.7947e-03
1.5567e-02
2.1719e-02
2.7757e-02
3.4949e-02
4.2878e-02
4.9392e-02
5.3830e-02
5.6664e-02
5.9048e-02
6.1189e-02
6.2218e-02
6.1665e-02
5.8901e-02
5.4511e-02
4.9388e-02
4.3800e-02
3.7760e-02
3.1478e-02
2.6465e-02
2.3471e-02
2.2239e-02
2.1936e-02
2.2276e-02
2.3994e-02
2.6788e-02
2.9845e-02
3.2615e-02
3.5085e-02
3.7471e-02
3.9749e-02
4.1566e-02
4.2437e-02
4.2334e-02
4.2084e-02
4.1925e-02
4.1286e-02
4.0316e-02
3.9518e-02
3.8917e-02
3.8466e-02
3.8487e-02
3.9186e-02
4.0413e-02
4.1550e-02
4.2259e-02
4.2489e-02
4.3255e-02
4.4905e-02
4.4957e-02
4.2619e-02
3.8268e-02
3.2747e-02
2.6399e-02
1.9438e-02
1.0452e-02
-1.9176e-03
-1.3781e-02
-2.3506e-02
-3.1080e-02
-3.7716e-02
-4.4075e-02
-4.9467e-02
-5.3118e-02
-5.4718e-02
-5.4886e-02
-5.3744e-02
-5.1017e-02
-4.6618e-02
-4.0567e-02
-3.3919e-02
-2.7442e-02
-2.0999e-02
-1.4295e-02
-7.9045e-03
-2.3922e-03
1.6288e-03
4.8660e-03
7.9913e-03
1.0324e-02
1.1570e-02
1.2350e-02
1.3200e-02
1.4172e-02
1.5322e-02
1.6444e-02
1.6487e-02
1.6106e-02
1.6784e-02
1.8412e-02
2.0289e-02
2.2555e-02
2.5075e-02
2.7377e-02
2.9163e-02
3.0449e-02
3.1443e-02
3.2445e-02
3.3565e-02
3.3887e-02
3.2662e-02
2.9918e-02
2.6738e-02
2.3096e-02
1.8293e-02
1.3086e-02
7.5229e-03
1.8428e-04
-7.4364e-03
-1.3375e-02
-1.7459e-02
-2.0703e-02
-2.3473e-02
-2.6466e-02
-2.9539e-02
-3.1559e-02
-3.2881e-02
-3.4348e-02
-3.5302e-02
-3.5907e-02
-3.7426e-02
-3.9494e-02
-4.0935e-02
-4.0813e-02
-3.9682e-02
-3.8168e-02
-3.6311e-02
-3.3905e-02
-3.1058e-02
-2.7861e-02
-2.4003e-02
-1.9840e-02
-1.5877e-02
-1.2103e-02
-8.3825e-03
-5.1958e-03
-2.6621e-03
-5.1348e-04
1.8387e-03
4.4981e-03
6.6879e-03
8.0466e-03
8.7279e-03
8.8063e-03
8.1313e-03
7.1746e-03
6.2464e-03
5.1512e-03
3.7885e-03
2.2634e-03
6.1891e-04
-7.9464e-04
-1.1614e-03
-6.7221e-04
5.1310e-05
1.0119e-03
2.3402e-03
3.7441e-03
4.8309e-03
5.6415e-03
7.3111e-03
9.8428e-03
1.1778e-02
1.2917e-02
1.4018e-02
1.5314e-02
1.6556e-02
1.7558e-02
1.7798e-02
1.6592e-02
1.3966e-02
1.0304e-02
5.6324e-03
4.0067e-04
-4.9252e-03
-1.0092e-02
-1.4845e-02
-1.8848e-02
-2.2054e-02
-2.4933e-02
-2.8419e-02
-3.2050e-02
-3.4629e-02
-3.5695e-02
-3.5870e-02
-3.6000e-02
-3.6395e-02
-3.6760e-02
-3.6170e-02
-3.4632e-02
-3.3142e-02
-3.1746e-02
-2.9858e-02
-2.8415e-02
-2.7716e-02
-2.7124e-02
-2.6321e-02
-2.5476e-02
-2.4627e-02
-2.3687e-02
-2.2590e-02
-2.1613e-02
-2.0913e-02
-2.0137e-02
-1.9024e-02
-1.7523e-02
-1.6545e-02
-1.6723e-02
-1.7540e-02
-1.8191e-02
-1.8405e-02
-1.8380e-02
-1.8452e-02
-1.9387e-02
-2.0998e-02
-2.2616e-02
-2.4299e-02
-2.6352e-02
-2.8154e-02
-2.9518e-02
-3.0769e-02
-3.1787e-02
-3.2488e-02
-3.3159e-02
-3.3380e-02
-3.2399e-02
-3.0803e-02
-2.9234e-02
-2.6988e-02
-2.4121e-02
-2.1423e-02
-1.8983e-02
-1.6572e-02
-1.4803e-02
-1.3868e-02
-1.3454e-02
-1.2989e-02
-1.2333e-02
-1.1718e-02
-1.1169e-02
-1.0464e-02
-9.3697e-03
-7.8814e-03
-6.4900e-03
-5.4647e-03
-4.8392e-03
-4.4874e-03
-4.2250e-03
-3.5291e-03
-2.5160e-03
-1.7101e-03
-1.3946e-03
-1.4481e-03
-1.5391e-03
-1.9150e-03
-3.5646e-03
-6.5417e-03
-1.0234e-02
-1.4141e-02
-1.7975e-02
-2.1630e-02
-2.5220e-02
-2.8730e-02
-3.1859e-02
-3.4465e-02
-3.6595e-02
-3.7972e-02
-3.8833e-02
-4.0141e-02
-4.1825e-02
-4.3296e-02
-4.4558e-02
-4.5872e-02
-4.7351e-02
-4.8970e-02
-5.0621e-02
-5.2018e-02
-5.3092e-02
-5.3943e-02
-5.4629e-02
-5.5171e-02
-5.5962e-02
-5.6423e-02
-5.5581e-02
-5.4085e-02
-5.2853e-02
-5.2320e-02
-5.2167e-02
-5.2008e-02
-5.1753e-02
-5.1536e-02
-5.1295e-02
-5.1020e-02
-5.0808e-02
-5.1102e-02
-5.2011e-02
-5.2484e-02
-5.2301e-02
-5.2088e-02
-5.2222e-02
-5.2523e-02
-5.2468e-02
-5.1841e-02
-5.0688e-02
-4.8611e-02
-4.5185e-02
-4.0435e-02
-3.5101e-02
-2.9520e-02
-2.3331e-02
-1.6383e-02
-9.9167e-03
-4.2877e-03
1.7770e-03
7.4900e-03
1.0797e-02
1.2111e-02
1.2638e-02
1.2858e-02
1.2611e-02
1.1926e-02
1.0595e-02
8.6573e-03
7.4187e-03
7.0747e-03
6.8912e-03
6.2412e-03
5.1920e-03
4.4461e-03
4.2153e-03
4.2871e-03
4.3794e-03
4.5493e-03
5.5780e-03
7.2492e-03
8.7591e-03
1.0312e-02
1.2355e-02
1.4150e-02
1.5293e-02
1.5863e-02
1.5891e-02
1.5303e-02
1.4051e-02
1.2362e-02
1.0266e-02
7.9462e-03
5.6453e-03
3.6697e-03
2.4373e-03
2.2847e-03
2.4375e-03
2.4428e-03
3.1252e-03
4.5676e-03
6.1525e-03
7.9476e-03
1.0236e-02
1.2378e-02
1.4331e-02
1.6869e-02
2.0120e-02
2.3678e-02
2.7406e-02
3.1270e-02
3.4999e-02
3.8487e-02
4.1682e-02
4.4114e-02
4.5740e-02
4.6643e-02
4.6720e-02
4.5659e-02
4.3599e-02
4.0887e-02
3.6938e-02
3.2268e-02
2.7818e-02
2.3158e-02
1.7847e-02
1.2118e-02
7.0810e-03
3.0951e-03
1.0291e-04
-2.2306e-03
-4.0731e-03
-5.6368e-03
-6.8985e-03
-7.6040e-03
-7.5699e-03
-6.7218e-03
-5.1756e-03
-3.0188e-03
-5.9411e-04
1.7899e-03
3.8308e-03
5.3220e-03
6.0793e-03
6.5149e-03
6.8095e-03
6.3394e-03
5.1476e-03
3.6439e-03
1.5635e-03
-1.3782e-03
-4.3988e-03
-6.9927e-03
-9.4349e-03
-1.2253e-02
-1.5588e-02
-1.8515e-02
-2.0551e-02
-2.1655e-02
-2.2528e-02
-2.3765e-02
-2.4454e-02
-2.3815e-02
-2.2839e-02
-2.2140e-02
-2.1140e-02
-1.9298e-02
-1.6498e-02
-1.3401e-02
-1.0505e-02
-7.7897e-03
-4.5259e-03
4.1599e-04
5.5605e-03
9.3307e-03
1.2904e-02
1.7270e-02
2.1248e-02
2.4263e-02
2.6714e-02
2.8784e-02
3.0283e-02
3.0696e-02
3.0104e-02
2.8847e-02
2.7003e-02
2.4273e-02
2.0344e-02
1.5475e-02
9.7767e-03
3.9357e-03
-1.2747e-03
-6.0130e-03
-1.0655e-02
-1.5103e-02
-1.9515e-02
-2.4065e-02
-2.7819e-02
-3.0244e-02
-3.0624e-02
-3.0157e-02
-3.0474e-02
-3.0605e-02
-2.9177e-02
-2.6843e-02
-2.4494e-02
-2.1897e-02
-1.9018e-02
-1.6200e-02
-1.4013e-02
-1.2493e-02
-1.1628e-02
-1.0875e-02
-9.5633e-03
-8.1743e-03
-7.3712e-03
-7.0211e-03
-6.6998e-03
-6.2209e-03
-5.8442e-03
-5.9641e-03
-6.9189e-03
-8.3394e-03
-9.0463e-03
-8.6707e-03
-7.5711e-03
-6.4906e-03
-5.5837e-03
-4.2807e-03
-2.1864e-03
1.3384e-03
5.4452e-03
8.8068e-03
1.1142e-02
1.2885e-02
1.4301e-02
1.5446e-02
1.6341e-02
1.6675e-02
1.6099e-02
1.5418e-02
1.5304e-02
1.5693e-02
1.6312e-02
1.7190e-02
1.8240e-02
1.9375e-02
2.0672e-02
2.2297e-02
2.4780e-02
2.7874e-02
3.0464e-02
3.2380e-02
3.4092e-02
3.5405e-02
3.5861e-02
3.5362e-02
3.4239e-02
3.3002e-02
3.1789e-02
3.0403e-02
2.8867e-02
2.7319e-02
2.5843e-02
2.4503e-02
2.3402e-02
2.3155e-02
2.4208e-02
2.6778e-02
3.0260e-02
3.3242e-02
3.6039e-02
3.9848e-02
4.3174e-02
4.4563e-02
4.5516e-02
4.7195e-02
4.8554e-02
4.8612e-02
4.7415e-02
4.5822e-02
4.4271e-02
4.2888e-02
4.1371e-02
3.9235e-02
3.6812e-02
3.4638e-02
3.2473e-02
3.0087e-02
2.7972e-02
2.6349e-02
2.4986e-02
2.2808e-02
1.9417e-02
1.6238e-02
1.3721e-02
1.0898e-02
7.1793e-03
2.8270e-03
-1.6353e-03
-5.7618e-03
-9.0228e-03
-1.1786e-02
-1.4499e-02
-1.6879e-02
-1.8667e-02
-1.9699e-02
-2.0374e-02
-2.1171e-02
-2.2076e-02
-2.2862e-02
-2.3554e-02
-2.4263e-02
-2.5004e-02
-2.5668e-02
-2.6147e-02
-2.6539e-02
-2.6910e-02
-2.6981e-02
-2.6427e-02
-2.4722e-02
-2.2690e-02
-2.1253e-02
-2.0307e-02
-1.9389e-02
-1.8636e-02
-1.8025e-02
-1.7298e-02
-1.6533e-02
-1.6076e-02
-1.6777e-02
-1.8491e-02
-2.0542e-02
-2.2440e-02
-2.4308e-02
-2.6606e-02
-2.9375e-02
-3.2318e-02
-3.4744e-02
-3.6369e-02
-3.7623e-02
-3.8961e-02
-4.0355e-02
-4.1354e-02
-4.1749e-02
-4.1901e-02
-4.2014e-02
-4.1774e-02
-4.1102e-02
-4.0192e-02
-3.9209e-02
-3.8475e-02
-3.8642e-02
-3.9214e-02
-3.9475e-02
-3.9647e-02
-3.9680e-02
-3.8547e-02
-3.6809e-02
-3.5536e-02
-3.4299e-02
-3.2470e-02
-3.0083e-02
-2.7449e-02
-2.4672e-02
-2.1676e-02
-1.8394e-02
-1.5103e-02
-1.1931e-02
-8.7365e-03
-5.3655e-03
-1.8587e-03
1.0065e-03
2.9735e-03
4.1151e-03
4.9965e-03
6.1023e-03
7.6138e-03
9.2484e-03
9.7626e-03
9.2268e-03
8.4232e-03
7.1952e-03
5.0995e-03
2.6743e-03
3.1855e-04
-2.1600e-03
-4.7388e-03
-7.2239e-03
-9.6396e-03
-1.1975e-02
-1.3979e-02
-1.5132e-02
-1.5356e-02
-1.5707e-02
-1.6450e-02
-1.6703e-02
-1.6196e-02
-1.5454e-02
-1.5595e-02
-1.6833e-02
-1.8580e-02
-2.0144e-02
-2.1442e-02
-2.3095e-02
-2.4908e-02
-2.5555e-02
-2.5407e-02
-2.5496e-02
-2.5360e-02
-2.4556e-02
-2.3784e-02
-2.2979e-02
-2.1353e-02
-1.8829e-02
-1.5642e-02
-1.1587e-02
-7.2360e-03
-3.5419e-03
1.8250e-04
4.8333e-03
9.7263e-03
1.4219e-02
1.8736e-02
2.2937e-02
2.5874e-02
2.7890e-02
2.9571e-02
3.0893e-02
3.1889e-02
3.2672e-02
3.2797e-02
3.1855e-02
2.9770e-02
2.7374e-02
2.5441e-02
2.3376e-02
2.0532e-02
1.7612e-02
1.5147e-02
1.2984e-02
1.0878e-02
8.7745e-03
6.8432e-03
5.2560e-03
4.0843e-03
3.1170e-03
2.2275e-03
1.5362e-03
1.0601e-03
8.1728e-04
1.2254e-03
1.8775e-03
1.3411e-03
-2.9918e-04
-2.0474e-03
-3.1586e-03
-3.9855e-03
-5.4097e-03
-7.1497e-03
-8.5950e-03
-1.0238e-02
-1.1999e-02
-1.2904e-02
-1.3086e-02
-1.3127e-02
-1.2522e-02
-1.1010e-02
-8.4661e-03
-4.9424e-03
-8.2224e-04
2.4288e-03
4.8823e-03
7.6961e-03
1.0540e-02
1.2498e-02
1.3508e-02
1.3885e-02
1.3633e-02
1.2692e-02
1.1158e-02
9.4739e-03
7.9963e-03
7.0208e-03
6.4654e-03
6.0839e-03
5.5684e-03
5.1536e-03
5.4979e-03
5.8482e-03
5.2785e-03
4.0330e-03
2.8387e-03
1.9671e-03
1.1213e-03
-4.6686e-05
-1.8624e-03
-3.9069e-03
-5.5602e-03
-6.6596e-03
-7.3729e-03
-7.8692e-03
-7.9184e-03
-7.1306e-03
-5.8216e-03
-4.2196e-03
-1.7430e-03
1.4049e-03
4.5264e-03
7.7277e-03
1.1397e-02
1.5202e-02
1.8712e-02
2.1663e-02
2.3715e-02
2.4804e-02
2.5395e-02
2.5511e-02
2.4538e-02
2.2316e-02
1.9227e-02
1.5942e-02
1.2656e-02
9.0187e-03
5.3786e-03
2.1524e-03
-1.2819e-03
-4.1875e-03
-5.0342e-03
-4.6487e-03
-4.4070e-03
-4.4473e-03
-4.5212e-03
-4.6269e-03
-4.1780e-03
-3.0483e-03
-1.7114e-03
-4.8895e-04
6.9042e-04
2.0422e-03
3.7348e-03
6.1416e-03
8.7529e-03
1.0798e-02
1.2844e-02
1.5579e-02
1.8578e-02
2.1120e-02
2.2724e-02
2.3970e-02
2.5492e-02
2.7134e-02
2.8266e-02
2.8233e-02
2.7194e-02
2.5649e-02
2.3792e-02
2.1652e-02
1.9482e-02
1.7407e-02
1.5383e-02
1.3403e-02
1.1474e-02
9.6410e-03
7.9994e-03
6.5675e-03
5.2028e-03
3.9187e-03
2.8476e-03
1.6674e-03
2.0332e-04
-8.5286e-04
-1.2154e-03
-1.1670e-03
-1.4105e-03
-2.1425e-03
-2.7237e-03
-2.9927e-03
-3.3464e-03
-3.9580e-03
-4.6666e-03
-5.0467e-03
-5.2805e-03
-5.8279e-03
-6.4104e-03
-6.7765e-03
-7.3719e-03
-8.2933e-03
-9.2145e-03
-9.8610e-03
-1.0199e-02
-9.8618e-03
-9.1553e-03
-8.5982e-03
-7.5862e-03
-5.8370e-03
-4.0908e-03
-2.7416e-03
-1.5849e-03
-5.5219e-04
1.9310e-04
4.5288e-04
6.3463e-05
-1.1113e-03
-2.7757e-03
-4.7361e-03
-6.9611e-03
-8.9958e-03
-1.0327e-02
-1.1578e-02
-1.3216e-02
-1.4714e-02
-1.5289e-02
-1.4590e-02
-1.3523e-02
-1.2759e-02
-1.1938e-02
-1.0621e-02
-8.8996e-03
-7.9679e-03
-8.0095e-03
-7.5851e-03
-6.3668e-03
-5.1252e-03
-4.0084e-03
-2.9168e-03
-2.5622e-03
-2.3627e-03
-1.0862e-03
8.5180e-04
2.4004e-03
3.0219e-03
3.1339e-03
3.1688e-03
3.3392e-03
3.5758e-03
3.7453e-03
3.7501e-03
3.6037e-03
3.4044e-03
3.1515e-03
2.7782e-03
2.4989e-03
2.4584e-03
2.7674e-03
3.3846e-03
4.2104e-03
4.8027e-03
5.0056e-03
5.0162e-03
4.8587e-03
4.3085e-03
2.7974e-03
7.2157e-04
-1.1374e-03
-2.5128e-03
-3.3770e-03
-4.1637e-03
-5.0447e-03
-5.6842e-03
-5.2656e-03
-3.9321e-03
-2.3412e-03
-9.9391e-04
3.1289e-05
7.2649e-04
1.3918e-03
2.2494e-03
3.2050e-03
3.9895e-03
4.3438e-03
4.5424e-03
4.9544e-03
5.7274e-03
6.5526e-03
6.9958e-03
6.7319e-03
5.7491e-03
4.2550e-03
2.3587e-03
-6.0571e-05
-2.8449e-03
-5.8174e-03
-9.0234e-03
-1.2780e-02
-1.7156e-02
-2.1478e-02
-2.5495e-02
-2.9477e-02
-3.3486e-02
-3.7274e-02
-4.0460e-02
-4.3078e-02
-4.5318e-02
-4.7008e-02
-4.8325e-02
-4.9594e-02
-5.0608e-02
-5.1093e-02
-5.1001e-02
-5.0869e-02
-5.1013e-02
-5.0663e-02
-4.9566e-02
-4.8468e-02
-4.7763e-02
-4.7266e-02
-4.6810e-02
-4.6140e-02
-4.5047e-02
-4.3858e-02
-4.2929e-02
-4.2570e-02
-4.2185e-02
-4.1031e-02
-3.9900e-02
-3.9748e-02
-4.0873e-02
-4.2039e-02
-4.2294e-02
-4.2092e-02
-4.2088e-02
-4.2324e-02
-4.2745e-02
-4.3276e-02
-4.3437e-02
-4.2793e-02
-4.1188e-02
-3.9328e-02
-3.7767e-02
-3.6529e-02
-3.5451e-02
-3.4373e-02
-3.2778e-02
-3.0619e-02
-2.8164e-02
-2.5445e-02
-2.2293e-02
-1.8781e-02
-1.4952e-02
-1.0693e-02
-6.1813e-03
-1.8844e-03
1.5597e-03
3.9590e-03
5.5602e-03
6.6730e-03
7.5367e-03
8.4707e-03
8.6053e-03
7.0609e-03
3.6945e-03
-3.7398e-05
-2.6322e-03
-3.2375e-03
-3.4132e-03
-4.9475e-03
-6.7304e-03
-7.3698e-03
-6.9513e-03
-6.1524e-03
-5.3621e-03
-5.0386e-03
-5.0190e-03
-4.8541e-03
-4.1047e-03
-2.8200e-03
-1.6992e-03
-1.6642e-03
-2.6852e-03
-3.2547e-03
-3.2320e-03
-3.4977e-03
-3.5410e-03
-2.8942e-03
-2.0421e-03
-8.2015e-04
1.1212e-03
2.9850e-03
4.7255e-03
7.0355e-03
9.5241e-03
1.1486e-02
1.2605e-02
1.3095e-02
1.3214e-02
1.2974e-02
1.2229e-02
1.0813e-02
8.9215e-03
6.9494e-03
5.2718e-03
3.8260e-03
2.4719e-03
1.5978e-03
1.1193e-03
6.0923e-04
-1.1551e-04
-8.2923e-04
-1.1757e-03
-1.4670e-03
-2.1825e-03
-3.5723e-03
-5.1417e-03
-6.3280e-03
-7.3480e-03
-8.4531e-03
-9.4053e-03
-1.0369e-02
-1.1616e-02
-1.2918e-02
-1.3806e-02
-1.4050e-02
-1.4333e-02
-1.5067e-02
-1.5952e-02
-1.6532e-02
-1.6729e-02
-1.6841e-02
-1.7216e-02
-1.7870e-02
-1.7663e-02
-1.6274e-02
-1.4603e-02
-1.3453e-02
-1.2703e-02
-1.1280e-02
-9.5065e-03
-8.5338e-03
-7.8032e-03
-6.2687e-03
-3.3952e-03
-2.2937e-04
2.0083e-03
3.5529e-03
5.2298e-03
7.8805e-03
1.0586e-02
1.1941e-02
1.3066e-02
1.5097e-02
1.6428e-02
1.6699e-02
1.7110e-02
1.7992e-02
1.8947e-02
1.9902e-02
2.0774e-02
2.1341e-02
2.1433e-02
2.1363e-02
2.1495e-02
2.1719e-02
2.1729e-02
2.1163e-02
1.9928e-02
1.8091e-02
1.6318e-02
1.4988e-02
1.3997e-02
1.2961e-02
1.1711e-02
1.0429e-02
9.6168e-03
9.1822e-03
8.4071e-03
7.3512e-03
6.4752e-03
5.7698e-03
5.0947e-03
4.5479e-03
3.9828e-03
3.2557e-03
2.6792e-03
2.4127e-03
2.3332e-03
2.1405e-03
1.7204e-03
9.8598e-04
4.5217e-04
6.5675e-04
5.7585e-04
-2.0404e-04
-6.5069e-04
-9.0169e-04
-1.8869e-03
-2.9158e-03
-3.3591e-03
-3.6796e-03
-3.8442e-03
-3.5512e-03
-3.3319e-03
-3.3646e-03
-3.3194e-03
-3.2195e-03
-3.3301e-03
-3.9210e-03
-5.2165e-03
-7.3809e-03
-9.7830e-03
-1.2123e-02
-1.4820e-02
-1.7119e-02
-1.8244e-02
-1.8845e-02
-1.9245e-02
-1.8651e-02
-1.7368e-02
-1.6127e-02
-1.4675e-02
-1.2497e-02
-9.0758e-03
-5.5156e-03
-3.0730e-03
-2.3457e-03
-1.9979e-03
-3.1665e-04
1.6953e-03
2.4385e-03
1.9517e-03
1.1171e-03
3.3017e-04
-3.6273e-04
-1.1352e-03
-2.3698e-03
-4.3949e-03
-7.2781e-03
-9.7377e-03
-1.1084e-02
-1.1726e-02
-1.2438e-02
-1.3432e-02
-1.4533e-02
-1.5587e-02
-1.6645e-02
-1.7668e-02
-1.8525e-02
-1.9061e-02
-1.9339e-02
-1.9083e-02
-1.8211e-02
-1.8120e-02
-1.8554e-02
-1.8061e-02
-1.6350e-02
-1.4211e-02
-1.3489e-02
-1.3715e-02
-1.2901e-02
-1.0960e-02
-9.0065e-03
-7.5930e-03
-6.8175e-03
-7.1233e-03
-7.7666e-03
-7.9170e-03
-7.7737e-03
-7.7301e-03
-7.6599e-03
-7.4430e-03
-7.0495e-03
-5.9581e-03
-4.1341e-03
-2.1988e-03
-1.7063e-04
2.5144e-03
5.9625e-03
9.7235e-03
1.3212e-02
1.6099e-02
1.8337e-02
2.1033e-02
2.4647e-02
2.7501e-02
2.9338e-02
3.1466e-02
3.4082e-02
3.6498e-02
3.8295e-02
3.9706e-02
4.1206e-02
4.2788e-02
4.4108e-02
4.4971e-02
4.5376e-02
4.5253e-02
4.4773e-02
4.4074e-02
4.3578e-02
4.3356e-02
4.2984e-02
4.2394e-02
4.1885e-02
4.1664e-02
4.1615e-02
4.1446e-02
4.1370e-02
4.1821e-02
4.2559e-02
4.3186e-02
4.3535e-02
4.3657e-02
4.3567e-02
4.3204e-02
4.2646e-02
4.2132e-02
4.1470e-02
4.0228e-02
3.8306e-02
3.6149e-02
3.4708e-02
3.3749e-02
3.2418e-02
3.0635e-02
2.8847e-02
2.7460e-02
2.6571e-02
2.6149e-02
2.5972e-02
2.5861e-02
2.5878e-02
2.6076e-02
2.6396e-02
2.6625e-02
2.6607e-02
2.5929e-02
2.4941e-02
2.4331e-02
2.4338e-02
2.4638e-02
2.4904e-02
2.4848e-02
2.4313e-02
2.3789e-02
2.3542e-02
2.3293e-02
2.2828e-02
2.2165e-02
2.1321e-02
2.0344e-02
1.9318e-02
1.7995e-02
1.6049e-02
1.4115e-02
1.2375e-02
1.0013e-02
7.3862e-03
5.2401e-03
3.1840e-03
7.2717e-04
-2.0006e-03
-3.9052e-03
-4.4627e-03
-4.8073e-03
-5.7695e-03
-7.4662e-03
-8.9253e-03
-9.1938e-03
-8.6342e-03
-8.1267e-03
-8.3690e-03
-8.8084e-03
-8.5471e-03
-7.6879e-03
-6.7804e-03
-5.9692e-03
-4.9976e-03
-3.5726e-03
-1.5111e-03
9.6062e-04
3.4509e-03
5.7820e-03
7.9863e-03
1.0146e-02
1.2236e-02
1.4083e-02
1.5618e-02
1.6711e-02
1.7391e-02
1.7682e-02
1.7152e-02
1.6345e-02
1.6436e-02
1.7193e-02
1.7840e-02
1.8409e-02
1.9237e-02
2.0576e-02
2.2225e-02
2.3909e-02
2.5684e-02
2.7669e-02
2.9808e-02
3.1759e-02
3.3358e-02
3.4971e-02
3.6703e-02
3.8179e-02
3.9343e-02
4.0322e-02
4.0508e-02
3.9839e-02
3.9095e-02
3.8201e-02
3.6644e-02
3.4402e-02
3.1916e-02
2.9744e-02
2.7681e-02
2.5358e-02
2.3105e-02
2.0981e-02
1.8575e-02
1.6201e-02
1.4359e-02
1.3051e-02
1.1883e-02
1.0633e-02
9.7400e-03
9.5252e-03
9.3675e-03
8.8934e-03
8.3031e-03
7.9360e-03
7.7769e-03
7.4353e-03
6.5828e-03
5.2388e-03
4.6873e-03
5.3225e-03
6.3979e-03
7.2698e-03
7.8862e-03
8.0833e-03
8.0720e-03
8.8942e-03
1.0581e-02
1.2409e-02
1.3664e-02
1.4376e-02
1.4771e-02
1.5222e-02
1.5956e-02
1.6710e-02
1.7237e-02
1.7526e-02
1.7926e-02
1.8755e-02
1.9659e-02
2.0429e-02
2.1735e-02
2.3630e-02
2.5494e-02
2.6208e-02
2.5841e-02
2.5438e-02
2.5730e-02
2.6741e-02
2.7783e-02
2.8470e-02
2.8927e-02
2.9199e-02
2.9150e-02
2.9376e-02
3.0053e-02
3.0347e-02
2.9898e-02
2.9004e-02
2.8267e-02
2.7772e-02
2.7105e-02
2.5957e-02
2.4252e-02
2.2256e-02
2.0444e-02
1.9356e-02
1.8286e-02
1.6472e-02
1.4253e-02
1.2075e-02
9.7683e-03
7.2633e-03
4.6424e-03
1.7293e-03
-1.2317e-03
-3.8276e-03
-6.4452e-03
-9.1035e-03
-1.0915e-02
-1.1890e-02
-1.2512e-02
-1.3173e-02
-1.3868e-02
-1.4416e-02
-1.4733e-02
-1.4823e-02
-1.4298e-02
-1.3093e-02
-1.1594e-02
-1.0298e-02
-9.3055e-03
-8.2346e-03
-6.9305e-03
-5.6299e-03
-4.3534e-03
-2.9464e-03
-1.7650e-03
-1.0254e-03
-5.5034e-04
7.8219e-05
1.0959e-03
2.3907e-03
3.6586e-03
4.6091e-03
5.7321e-03
7.6787e-03
1.0018e-02
1.1891e-02
1.2647e-02
1.2894e-02
1.3376e-02
1.4311e-02
1.5062e-02
1.4552e-02
1.2826e-02
1.0313e-02
7.6500e-03
5.4765e-03
4.5357e-03
3.6953e-03
1.8345e-03
-2.6927e-04
-1.6958e-03
-2.4183e-03
-3.2616e-03
-4.5957e-03
-5.6694e-03
-6.3685e-03
-7.2360e-03
-8.1019e-03
-8.7917e-03
-9.6797e-03
-1.0871e-02
-1.2226e-02
-1.3743e-02
-1.5206e-02
-1.6054e-02
-1.6863e-02
-1.8211e-02
-1.9066e-02
-1.9058e-02
-1.8659e-02
-1.8267e-02
-1.8002e-02
-1.8433e-02
-1.9067e-02
-1.8947e-02
-1.8157e-02
-1.7195e-02
-1.6165e-02
-1.5309e-02
-1.4938e-02
-1.4400e-02
-1.3258e-02
-1.2387e-02
-1.1940e-02
-1.1270e-02
-1.0450e-02
-9.7549e-03
-8.9224e-03
-7.8218e-03
-6.6106e-03
-5.6103e-03
-4.7564e-03
-3.3198e-03
-1.5424e-03
-2.8683e-04
1.3574e-04
1.8526e-04
4.9693e-04
6.4319e-04
-1.5657e-04
-9.2334e-04
-1.2301e-03
-2.2645e-03
-3.8397e-03
-4.9022e-03
-5.5995e-03
-6.3043e-03
-6.6472e-03
-6.6986e-03
-6.7649e-03
-6.6648e-03
-6.2550e-03
-5.5062e-03
-4.5252e-03
-3.4698e-03
-2.6814e-03
-1.9970e-03
-9.2784e-04
-2.1885e-05
1.4295e-04
2.6139e-04
5.5737e-04
5.4020e-04
5.2122e-04
8.2126e-04
4.6777e-04
-3.5685e-04
-5.6603e-04
-1.2889e-04
3.1743e-04
2.7253e-04
2.1166e-04
8.6425e-04
1.9710e-03
2.9809e-03
3.7157e-03
4.5124e-03
5.7001e-03
6.9583e-03
7.8851e-03
7.9997e-03
7.7896e-03
7.9484e-03
7.7259e-03
6.7153e-03
5.7122e-03
5.6739e-03
6.7415e-03
8.5715e-03
1.0802e-02
1.3163e-02
1.5674e-02
1.8372e-02
2.0637e-02
2.2440e-02
2.4592e-02
2.6702e-02
2.7785e-02
2.8554e-02
2.9475e-02
2.9613e-02
2.9061e-02
2.8503e-02
2.7695e-02
2.6278e-02
2.4419e-02
2.2980e-02
2.2373e-02
2.1873e-02
2.1069e-02
2.0268e-02
1.8856e-02
1.6215e-02
1.2964e-02
9.8261e-03
6.8709e-03
3.9663e-03
1.2385e-03
-8.4647e-04
-2.6320e-03
-4.5731e-03
-6.0899e-03
-7.0149e-03
-8.1291e-03
-9.0790e-03
-9.2429e-03
-9.4288e-03
-9.9612e-03
-1.0185e-02
-9.9216e-03
-9.5488e-03
-9.5445e-03
-9.6200e-03
-9.1864e-03
-8.1704e-03
-6.8878e-03
-6.0584e-03
-5.5889e-03
-4.9026e-03
-3.9098e-03
-2.7816e-03
-1.2161e-03
6.6568e-04
2.4524e-03
4.0397e-03
5.6843e-03
8.0137e-03
1.0450e-02
1.1970e-02
1.3487e-02
1.5903e-02
1.7985e-02
1.8971e-02
1.9268e-02
1.9798e-02
2.0697e-02
2.0840e-02
1.9886e-02
1.8326e-02
1.6697e-02
1.5092e-02
1.3210e-02
1.1341e-02
1.0007e-02
8.2652e-03
5.9266e-03
4.3798e-03
3.8164e-03
3.3139e-03
1.7035e-03
-5.4686e-04
-2.2013e-03
-3.2794e-03
-4.4126e-03
-5.4383e-03
-6.4922e-03
-7.9770e-03
-9.0679e-03
-9.2629e-03
-8.7305e-03
-8.4840e-03
-9.2765e-03
-9.7618e-03
-9.3428e-03
-9.9795e-03
-1.1362e-02
-1.1541e-02
-1.1539e-02
-1.2557e-02
-1.3930e-02
-1.4863e-02
-1.5375e-02
-1.5920e-02
-1.6705e-02
-1.7626e-02
-1.8325e-02
-1.8662e-02
-1.8953e-02
-1.9342e-02
-1.9629e-02
-1.9850e-02
-2.0158e-02
-2.0472e-02
-2.0541e-02
-2.0188e-02
-1.9537e-02
-1.8709e-02
-1.7714e-02
-1.6123e-02
-1.3476e-02
-1.0851e-02
-9.0302e-03
-7.2004e-03
-5.0349e-03
-3.0775e-03
-1.4416e-03
1.1410e-04
1.7905e-03
3.3836e-03
4.3963e-03
4.8563e-03
5.0157e-03
4.6597e-03
3.9685e-03
3.3746e-03
3.0873e-03
2.9912e-03
2.7067e-03
2.4910e-03
2.8701e-03
3.2355e-03
3.1427e-03
3.0865e-03
3.4345e-03
4.0566e-03
4.4819e-03
4.6231e-03
4.9147e-03
5.5579e-03
6.3841e-03
6.8653e-03
7.0382e-03
7.9420e-03
9.4643e-03
1.0700e-02
1.1553e-02
1.2399e-02
1.3361e-02
1.4521e-02
1.5909e-02
1.6802e-02
1.7092e-02
1.7600e-02
1.8446e-02
1.9119e-02
1.9355e-02
1.9306e-02
1.9185e-02
1.8796e-02
1.7738e-02
1.6261e-02
1.4541e-02
1.2193e-02
9.4483e-03
6.7507e-03
4.0583e-03
1.1592e-03
-2.0015e-03
-5.1394e-03
-8.0775e-03
-1.1002e-02
-1.4043e-02
-1.7063e-02
-1.9360e-02
-2.0892e-02
-2.2380e-02
-2.4010e-02
-2.5510e-02
-2.6946e-02
-2.8390e-02
-2.9752e-02
-3.1076e-02
-3.2514e-02
-3.4337e-02
-3.6387e-02
-3.8314e-02
-3.9692e-02
-4.0486e-02
-4.1402e-02
-4.2697e-02
-4.4097e-02
-4.5880e-02
-4.8239e-02
-4.9951e-02
-5.0963e-02
-5.2346e-02
-5.3787e-02
-5.4473e-02
-5.4786e-02
-5.5128e-02
-5.5197e-02
-5.4997e-02
-5.4765e-02
-5.4392e-02
-5.3746e-02
-5.2728e-02
-5.1467e-02
-5.0125e-02
-4.8649e-02
-4.6851e-02
-4.4426e-02
-4.1976e-02
-4.0669e-02
-4.0365e-02
-4.0220e-02
-3.9432e-02
-3.8240e-02
-3.7498e-02
-3.7150e-02
-3.6634e-02
-3.6085e-02
-3.5744e-02
-3.5371e-02
-3.4738e-02
-3.3846e-02
-3.2906e-02
-3.1978e-02
-3.0809e-02
-2.9352e-02
-2.7685e-02
-2.5982e-02
-2.4328e-02
-2.2628e-02
-2.0804e-02
-1.8881e-02
-1.6982e-02
-1.5220e-02
-1.3771e-02
-1.2566e-02
-1.1315e-02
-1.0079e-02
-9.1459e-03
-8.6539e-03
-8.5404e-03
-8.5140e-03
-8.1643e-03
-7.0490e-03
-6.3410e-03
-6.9588e-03
-7.5239e-03
-7.2357e-03
-6.9475e-03
-6.9475e-03
-6.7467e-03
-6.5575e-03
-6.5951e-03
-6.3508e-03
-5.8729e-03
-5.6638e-03
-5.4131e-03
-4.7152e-03
-4.0258e-03
-3.4149e-03
-2.2446e-03
-7.1246e-04
7.0390e-04
2.5708e-03
5.0903e-03
7.5211e-03
9.4039e-03
1.0763e-02
1.1651e-02
1.2241e-02
1.2718e-02
1.2887e-02
1.2386e-02
1.0970e-02
8.6443e-03
5.9417e-03
3.6786e-03
2.3020e-03
8.7750e-04
-1.1711e-03
-2.6899e-03
-3.4882e-03
-4.5533e-03
-6.2624e-03
-8.2466e-03
-9.4098e-03
-9.6369e-03
-9.8614e-03
-1.0656e-02
-1.2022e-02
-1.3377e-02
-1.4365e-02
-1.5214e-02
-1.6095e-02
-1.6779e-02
-1.7058e-02
-1.6850e-02
-1.6467e-02
-1.6121e-02
-1.5819e-02
-1.5263e-02
-1.3969e-02
-1.2235e-02
-1.0545e-02
-9.0442e-03
-7.6364e-03
-6.5822e-03
-5.8412e-03
-4.6747e-03
-2.9931e-03
-1.2752e-03
-2.6473e-04
-1.6636e-04
-5.8662e-04
-7.9744e-04
1.2741e-04
1.2603e-03
1.2701e-03
7.3901e-04
6.5997e-04
1.0017e-03
1.3676e-03
1.7540e-03
2.0584e-03
2.1004e-03
2.0849e-03
2.1997e-03
2.2362e-03
2.3039e-03
3.0823e-03
4.0734e-03
4.3904e-03
4.4106e-03
4.8098e-03
5.6859e-03
6.4128e-03
6.0522e-03
5.1113e-03
4.4727e-03
3.7400e-03
2.2461e-03
3.5449e-04
-1.4014e-03
-2.9488e-03
-4.6745e-03
-6.8278e-03
-8.5342e-03
-9.5537e-03
-1.1159e-02
-1.3247e-02
-1.4627e-02
-1.5182e-02
-1.5464e-02
-1.5860e-02
-1.6149e-02
-1.5815e-02
-1.4987e-02
-1.4004e-02
-1.2845e-02
-1.1311e-02
-9.3903e-03
-7.2001e-03
-4.6246e-03
-1.6112e-03
1.7492e-03
4.4873e-03
6.1371e-03
7.8605e-03
1.0271e-02
1.2649e-02
1.4597e-02
1.6450e-02
1.8252e-02
1.9643e-02
2.0367e-02
2.0706e-02
2.1317e-02
2.1860e-02
2.1116e-02
1.9771e-02
1.9217e-02
1.9669e-02
2.0387e-02
2.0692e-02
2.0711e-02
2.0875e-02
2.1113e-02
2.1136e-02
2.0903e-02
2.0727e-02
2.1013e-02
2.1431e-02
2.1606e-02
2.2120e-02
2.3230e-02
2.4364e-02
2.5274e-02
2.6211e-02
2.7327e-02
2.8542e-02
2.9630e-02
3.0230e-02
2.9789e-02
2.9071e-02
2.9008e-02
2.9126e-02
2.8653e-02
2.6844e-02
2.4475e-02
2.2707e-02
2.1161e-02
1.9043e-02
1.6484e-02
1.4384e-02
1.3371e-02
1.2302e-02
1.0391e-02
8.9801e-03
8.4225e-03
7.7145e-03
6.7221e-03
6.0627e-03
5.4834e-03
4.5867e-03
3.3665e-03
2.3120e-03
1.8319e-03
1.3137e-03
2.4232e-04
-9.3405e-04
-1.8842e-03
-2.7885e-03
-3.4684e-03
-3.6292e-03
-3.1204e-03
-2.4414e-03
-2.6544e-03
-3.4636e-03
-3.9581e-03
-3.4133e-03
-2.1532e-03
-1.0460e-03
-2.0453e-04
9.2090e-04
2.0000e-03
2.8776e-03
3.8676e-03
5.0227e-03
6.2123e-03
7.3786e-03
8.6086e-03
9.8896e-03
1.0887e-02
1.1482e-02
1.1616e-02
1.1399e-02
1.0939e-02
1.0046e-02
8.5497e-03
6.4365e-03
4.0327e-03
1.5480e-03
-7.5375e-04
-2.9361e-03
-5.5773e-03
-8.3695e-03
-1.0524e-02
-1.2074e-02
-1.3389e-02
-1.4529e-02
-1.5382e-02
-1.5663e-02
-1.5535e-02
-1.5293e-02
-1.4837e-02
-1.3925e-02
-1.2414e-02
-1.0615e-02
-8.7622e-03
-6.3685e-03
-3.2258e-03
-8.9925e-04
6.9055e-04
2.9356e-03
5.8841e-03
8.6679e-03
1.0174e-02
1.0710e-02
1.1000e-02
1.1231e-02
1.1232e-02
1.1167e-02
1.0901e-02
9.8524e-03
8.6793e-03
8.1684e-03
7.8822e-03
7.2427e-03
6.1424e-03
4.9184e-03
3.8948e-03
3.4327e-03
3.2616e-03
2.9015e-03
2.1880e-03
1.3875e-03
1.3999e-03
1.7951e-03
1.4477e-03
9.4281e-05
-1.6911e-03
-2.3705e-03
-2.1419e-03
-2.2365e-03
-2.6390e-03
-2.7277e-03
-2.7247e-03
-2.6659e-03
-2.2093e-03
-1.5614e-03
-1.0764e-03
-9.9820e-04
-1.0578e-03
-8.9178e-04
-6.4694e-04
-5.7889e-04
-5.8228e-04
-4.9941e-04
-3.1827e-04
-1.2442e-04
2.8452e-05
1.0711e-04
2.2426e-04
5.1881e-04
9.3833e-04
1.4432e-03
2.2925e-03
3.2327e-03
3.7808e-03
4.2006e-03
4.7876e-03
4.9425e-03
4.5990e-03
4.2281e-03
3.9412e-03
3.4806e-03
2.4686e-03
1.2423e-03
3.5242e-04
-7.2511e-04
-2.4822e-03
-4.0508e-03
-5.0404e-03
-5.8246e-03
-6.4975e-03
-7.0872e-03
-8.0927e-03
-8.9393e-03
-8.6386e-03
-8.1053e-03
-8.1036e-03
-7.6460e-03
-6.4316e-03
-5.1142e-03
-4.0241e-03
-3.0426e-03
-2.1460e-03
-9.5346e-04
9.2843e-04
2.5705e-03
3.5118e-03
4.6202e-03
6.0446e-03
7.1243e-03
7.8066e-03
8.4120e-03
9.1024e-03
9.8114e-03
1.0442e-02
1.1080e-02
1.1772e-02
1.2171e-02
1.2579e-02
1.3631e-02
1.5176e-02
1.6653e-02
1.6996e-02
1.6462e-02
1.5968e-02
1.5875e-02
1.5934e-02
1.5990e-02
1.5947e-02
1.5762e-02
1.5757e-02
1.6136e-02
1.6611e-02
1.7104e-02
1.7819e-02
1.8344e-02
1.8323e-02
1.8056e-02
1.7726e-02
1.7136e-02
1.6017e-02
1.4385e-02
1.2998e-02
1.1627e-02
9.3992e-03
6.5969e-03
3.8877e-03
1.4662e-03
-8.4305e-04
-3.1605e-03
-5.4582e-03
-7.6445e-03
-9.6441e-03
-1.1651e-02
-1.3840e-02
-1.5757e-02
-1.7151e-02
-1.8240e-02
-1.9172e-02
-1.9908e-02
-2.0441e-02
-2.0825e-02
-2.1148e-02
-2.1177e-02
-2.0852e-02
-2.1298e-02
-2.2730e-02
-2.4028e-02
-2.4437e-02
-2.4221e-02
-2.4339e-02
-2.5104e-02
-2.6291e-02
-2.7066e-02
-2.7041e-02
-2.6842e-02
-2.6980e-02
-2.7384e-02
-2.7358e-02
-2.6582e-02
-2.5752e-02
-2.5197e-02
-2.4531e-02
-2.3576e-02
-2.2553e-02
-2.1915e-02
-2.1582e-02
-2.1182e-02
-2.0434e-02
-1.9414e-02
-1.8694e-02
-1.8176e-02
-1.7158e-02
-1.5643e-02
-1.4151e-02
-1.3309e-02
-1.2741e-02
-1.1562e-02
-1.0016e-02
-8.7407e-03
-7.5978e-03
-6.1847e-03
-4.3584e-03
-2.5632e-03
-1.1189e-03
3.7956e-04
2.0611e-03
3.4075e-03
4.4669e-03
5.6347e-03
7.1028e-03
8.7512e-03
1.0403e-02
1.1942e-02
1.3342e-02
1.4602e-02
1.5537e-02
1.5713e-02
1.5865e-02
1.6933e-02
1.8417e-02
1.9571e-02
2.0247e-02
2.0500e-02
2.0245e-02
1.9811e-02
1.9476e-02
1.9210e-02
1.8721e-02
1.7834e-02
1.7156e-02
1.6914e-02
1.6413e-02
1.5489e-02
1.4550e-02
1.3654e-02
1.2570e-02
1.0734e-02
8.6261e-03
7.1720e-03
6.4269e-03
5.8649e-03
5.2243e-03
4.5874e-03
4.0699e-03
3.4698e-03
2.6778e-03
1.8052e-03
1.1357e-03
8.2775e-04
2.7347e-04
-7.1144e-04
-1.2620e-03
-1.2855e-03
-1.3706e-03
-1.4812e-03
-1.4155e-03
-1.4003e-03
-1.2604e-03
-5.8569e-04
8.2887e-05
2.8149e-04
9.8415e-06
-3.6599e-04
-5.9369e-04
-7.0328e-04
-8.3871e-04
-1.0746e-03
-1.1123e-03
-5.9947e-04
2.7944e-05
3.6096e-04
5.7829e-04
8.5749e-04
1.1266e-03
1.4790e-03
1.9922e-03
2.4278e-03
2.6243e-03
2.5967e-03
2.2159e-03
1.4064e-03
6.1240e-04
-1.7825e-04
-1.3746e-03
-2.8133e-03
-4.1768e-03
-5.4160e-03
-6.5569e-03
-7.5679e-03
-8.6869e-03
-1.0036e-02
-1.1274e-02
-1.2127e-02
-1.2587e-02
-1.2806e-02
-1.2841e-02
-1.2735e-02
-1.2517e-02
-1.2157e-02
-1.1301e-02
-9.7975e-03
-8.3240e-03
-7.2676e-03
-6.4300e-03
-4.9217e-03
-2.4227e-03
-4.3520e-05
1.6787e-03
3.0900e-03
4.4885e-03
5.7853e-03
6.5219e-03
6.8540e-03
7.6714e-03
8.7131e-03
9.0777e-03
8.4527e-03
7.4013e-03
6.7193e-03
6.3404e-03
5.7812e-03
4.7437e-03
3.4448e-03
2.3359e-03
1.2787e-03
-3.4735e-05
-1.3690e-03
-2.5308e-03
-3.6551e-03
-4.5790e-03
-5.1177e-03
-5.5712e-03
-6.0230e-03
-6.1028e-03
-5.8799e-03
-5.6614e-03
-5.5118e-03
-5.3530e-03
-5.2035e-03
-5.2615e-03
-5.5644e-03
-5.4614e-03
-5.0181e-03
-5.2731e-03
-6.1304e-03
-6.8345e-03
-6.9661e-03
-6.7607e-03
-6.6388e-03
-6.6159e-03
-6.5057e-03
-6.4146e-03
-6.4372e-03
-6.4896e-03
-6.5911e-03
-6.7995e-03
-6.9635e-03
-6.9761e-03
-6.8655e-03
-6.9484e-03
-7.4123e-03
-8.1069e-03
-8.6958e-03
-8.7905e-03
-8.6712e-03
-8.6804e-03
-8.2894e-03
-7.3186e-03
-6.3842e-03
-5.5267e-03
-4.3255e-03
-3.2718e-03
-2.7490e-03
-2.4908e-03
-2.2100e-03
-1.9682e-03
-1.9168e-03
-2.1575e-03
-2.7980e-03
-3.6036e-03
-4.3307e-03
-4.8824e-03
-5.3888e-03
-6.0690e-03
-6.8026e-03
-7.2738e-03
-7.0196e-03
-6.2045e-03
-5.5274e-03
-5.0165e-03
-4.2577e-03
-3.6079e-03
-3.4914e-03
-3.9431e-03
-4.5294e-03
-4.9707e-03
-5.2732e-03
-5.6337e-03
-6.2576e-03
-6.8876e-03
-7.1925e-03
-7.5474e-03
-7.9768e-03
-7.7129e-03
-7.3222e-03
-7.8575e-03
-8.6909e-03
-9.0932e-03
-9.3346e-03
-9.8580e-03
-1.0766e-02
-1.1831e-02
-1.2871e-02
-1.3900e-02
-1.5114e-02
-1.6618e-02
-1.7630e-02
-1.7773e-02
-1.7404e-02
-1.6580e-02
-1.4936e-02
-1.3628e-02
-1.3120e-02
-1.2379e-02
-1.1109e-02
-9.9093e-03
-9.3942e-03
-9.5256e-03
-9.9426e-03
-1.0333e-02
-1.0720e-02
-1.1333e-02
-1.2222e-02
-1.3226e-02
-1.4145e-02
-1.4923e-02
-1.5771e-02
-1.6729e-02
-1.7549e-02
-1.7870e-02
-1.7422e-02
-1.6586e-02
-1.5946e-02
-1.5952e-02
-1.6427e-02
-1.7125e-02
-1.7767e-02
-1.8234e-02
-1.8481e-02
-1.8680e-02
-1.8928e-02
-1.8850e-02
-1.8385e-02
-1.8007e-02
-1.7999e-02
-1.8229e-02
-1.8249e-02
-1.8008e-02
-1.7840e-02
-1.7604e-02
-1.7055e-02
-1.6668e-02
-1.6553e-02
-1.6124e-02
-1.5431e-02
-1.4874e-02
-1.4378e-02
-1.3649e-02
-1.2488e-02
-1.1473e-02
-1.1189e-02
-1.0713e-02
-9.2674e-03
-6.9711e-03
-4.7932e-03
-3.3327e-03
-1.9952e-03
-2.7667e-04
1.4694e-03
3.2496e-03
5.4399e-03
7.3070e-03
8.4687e-03
9.4952e-03
1.0642e-02
1.1551e-02
1.1702e-02
1.1170e-02
1.0195e-02
8.9832e-03
7.5889e-03
6.1545e-03
4.7499e-03
3.3346e-03
1.7882e-03
3.5351e-05
-1.7432e-03
-3.3533e-03
-4.4967e-03
-5.4319e-03
-6.5717e-03
-7.5959e-03
-8.2666e-03
-8.8737e-03
-9.5659e-03
-1.0193e-02
-1.0513e-02
-1.0541e-02
-1.0482e-02
-1.0327e-02
-9.9270e-03
-9.7712e-03
-9.9008e-03
-9.5661e-03
-8.6392e-03
-7.5562e-03
-7.3978e-03
-7.9490e-03
-7.6151e-03
-5.9291e-03
-3.4141e-03
-1.5331e-03
-6.8509e-04
-3.0748e-04
2.8795e-04
1.2790e-03
2.2931e-03
3.0276e-03
3.3515e-03
3.7621e-03
4.8287e-03
6.1979e-03
7.3897e-03
8.4022e-03
9.5202e-03
1.0916e-02
1.2452e-02
1.4010e-02
1.5778e-02
1.7537e-02
1.8862e-02
1.9908e-02
2.0910e-02
2.1614e-02
2.1798e-02
2.1214e-02
2.0596e-02
2.0584e-02
2.0731e-02
2.0458e-02
1.9556e-02
1.8551e-02
1.7811e-02
1.6766e-02
1.5548e-02
1.4850e-02
1.4278e-02
1.3307e-02
1.2413e-02
1.1815e-02
1.1220e-02
1.0696e-02
1.0377e-02
9.7051e-03
8.8324e-03
8.3952e-03
7.9790e-03
7.0788e-03
6.3185e-03
5.9540e-03
5.6125e-03
5.0609e-03
4.3910e-03
3.8195e-03
3.2192e-03
2.3173e-03
1.5047e-03
1.1361e-03
9.1143e-04
3.1247e-04
-8.6028e-04
-1.9613e-03
-2.6604e-03
-3.4403e-03
-4.4799e-03
-5.5225e-03
-6.6239e-03
-7.9120e-03
-9.4530e-03
-1.1229e-02
-1.3198e-02
-1.5003e-02
-1.6529e-02
-1.8011e-02
-1.9601e-02
-2.1273e-02
-2.3231e-02
-2.5168e-02
-2.6109e-02
-2.6257e-02
-2.6311e-02
-2.6786e-02
-2.7338e-02
-2.7093e-02
-2.6640e-02
-2.7028e-02
-2.7489e-02
-2.7155e-02
-2.6166e-02
-2.5085e-02
-2.4053e-02
-2.2791e-02
-2.1249e-02
-1.9772e-02
-1.8232e-02
-1.6272e-02
-1.4411e-02
-1.2838e-02
-1.0887e-02
-8.6230e-03
-6.5235e-03
-4.5501e-03
-2.7527e-03
-1.7145e-03
-1.2457e-03
-7.4417e-04
3.4276e-04
1.5949e-03
2.1509e-03
2.4416e-03
3.2579e-03
4.5817e-03
5.7943e-03
6.5092e-03
7.2284e-03
8.2707e-03
9.1225e-03
9.5107e-03
9.6553e-03
1.0190e-02
1.1156e-02
1.1937e-02
1.2009e-02
1.1433e-02
1.0795e-02
1.0404e-02
1.0253e-02
1.0448e-02
1.1031e-02
1.1508e-02
1.1823e-02
1.2350e-02
1.3244e-02
1.4329e-02
1.5412e-02
1.6633e-02
1.8219e-02
1.9727e-02
2.0907e-02
2.2052e-02
2.3390e-02
2.4822e-02
2.5772e-02
2.6294e-02
2.7201e-02
2.8485e-02
2.9597e-02
3.0148e-02
3.0472e-02
3.1109e-02
3.2019e-02
3.2958e-02
3.4184e-02
3.5319e-02
3.5665e-02
3.5718e-02
3.6030e-02
3.6255e-02
3.6129e-02
3.5782e-02
3.5338e-02
3.4760e-02
3.3914e-02
3.2939e-02
3.2069e-02
3.1536e-02
3.1109e-02
3.0347e-02
2.9055e-02
2.7402e-02
2.5943e-02
2.4834e-02
2.3881e-02
2.3043e-02
2.2312e-02
2.1586e-02
2.1110e-02
2.1048e-02
2.0803e-02
2.0217e-02
1.9898e-02
2.0121e-02
2.0653e-02
2.1128e-02
2.1400e-02
2.1553e-02
2.1936e-02
2.2674e-02
2.3814e-02
2.4634e-02
2.4362e-02
2.3981e-02
2.4211e-02
2.4265e-02
2.3757e-02
2.3093e-02
2.2606e-02
2.2369e-02
2.2474e-02
2.2648e-02
2.2555e-02
2.1855e-02
2.1075e-02
2.0926e-02
2.0951e-02
2.0615e-02
2.0040e-02
1.9563e-02
1.9289e-02
1.9111e-02
1.8792e-02
1.8148e-02
1.7193e-02
1.6291e-02
1.6033e-02
1.5822e-02
1.4974e-02
1.4027e-02
1.3534e-02
1.3357e-02
1.2292e-02
1.0201e-02
8.2770e-03
6.6689e-03
4.7962e-03
2.8320e-03
1.6681e-03
1.6109e-03
1.6852e-03
1.1154e-03
-2.5615e-04
-1.4755e-03
-1.8302e-03
-1.5549e-03
-1.5020e-03
-2.1599e-03
-2.8357e-03
-3.0124e-03
-2.9499e-03
-2.9058e-03
-2.8704e-03
-2.8798e-03
-2.7045e-03
-2.0865e-03
-1.6630e-03
-1.6288e-03
-1.2801e-03
-8.6220e-04
-9.0400e-04
-7.6954e-04
-6.6794e-04
-1.4682e-03
-2.2568e-03
-2.2715e-03
-1.9957e-03
-2.0875e-03
-2.5122e-03
-2.3902e-03
-1.5083e-03
-3.0131e-04
6.4664e-04
1.4403e-03
2.7575e-03
4.5462e-03
6.3182e-03
7.7658e-03
9.0026e-03
1.0190e-02
1.1575e-02
1.3220e-02
1.4777e-02
1.5986e-02
1.6795e-02
1.7043e-02
1.7157e-02
1.8191e-02
1.9458e-02
1.9987e-02
2.0584e-02
2.1654e-02
2.2691e-02
2.3527e-02
2.4302e-02
2.5033e-02
2.5535e-02
2.5752e-02
2.6097e-02
2.6358e-02
2.5952e-02
2.5266e-02
2.4806e-02
2.4544e-02
2.4098e-02
2.3304e-02
2.2431e-02
2.1845e-02
2.1576e-02
2.0370e-02
1.8073e-02
1.6144e-02
1.5648e-02
1.6347e-02
1.7195e-02
1.7465e-02
1.6723e-02
1.6107e-02
1.6455e-02
1.6469e-02
1.5896e-02
1.5747e-02
1.6009e-02
1.6074e-02
1.5624e-02
1.4978e-02
1.4476e-02
1.4055e-02
1.3547e-02
1.2928e-02
1.1861e-02
1.0286e-02
9.4184e-03
9.6412e-03
1.0355e-02
1.0328e-02
9.2983e-03
7.8829e-03
6.8623e-03
6.4062e-03
6.1885e-03
5.8715e-03
5.4334e-03
4.9676e-03
4.4841e-03
3.8137e-03
2.8687e-03
1.6880e-03
6.3329e-04
-1.3769e-04
-7.6026e-04
-1.3346e-03
-1.8881e-03
-2.6925e-03
-3.6150e-03
-4.2320e-03
-4.8497e-03
-5.8047e-03
-6.3391e-03
-6.2617e-03
-6.0833e-03
-6.3518e-03
-6.9968e-03
-7.5712e-03
-7.8506e-03
-7.9568e-03
-8.1571e-03
-8.3116e-03
-7.8946e-03
-7.2626e-03
-6.9668e-03
-6.8498e-03
-6.5028e-03
-5.7998e-03
-5.1962e-03
-4.8190e-03
-4.2036e-03
-3.3521e-03
-2.6537e-03
-2.5733e-03
-2.9403e-03
-3.1099e-03
-3.0691e-03
-3.1360e-03
-3.1620e-03
-3.1113e-03
-3.1221e-03
-2.8881e-03
-2.3247e-03
-1.9014e-03
-1.6432e-03
-1.1961e-03
-6.4788e-04
-1.4903e-04
4.4774e-04
1.3297e-03
2.4322e-03
3.1998e-03
3.6786e-03
4.4006e-03
5.3103e-03
6.1386e-03
7.3094e-03
8.8418e-03
1.0345e-02
1.1670e-02
1.2895e-02
1.3868e-02
1.4624e-02
1.5390e-02
1.6751e-02
1.8539e-02
1.9301e-02
1.8964e-02
1.8466e-02
1.8129e-02
1.7699e-02
1.6987e-02
1.5765e-02
1.3837e-02
1.1968e-02
1.0567e-02
9.2264e-03
7.9420e-03
6.9776e-03
6.1463e-03
5.1472e-03
3.7930e-03
2.4273e-03
1.4386e-03
1.0690e-03
1.0651e-03
1.2231e-03
1.3664e-03
1.3890e-03
1.1080e-03
7.0157e-04
5.0745e-04
7.7222e-04
1.5107e-03
2.6470e-03
3.4281e-03
3.1037e-03
2.5752e-03
2.7099e-03
3.2299e-03
3.7009e-03
4.1404e-03
4.4811e-03
4.5744e-03
4.1011e-03
3.4552e-03
3.2178e-03
2.9426e-03
2.2722e-03
1.5767e-03
1.3026e-03
1.5494e-03
1.5574e-03
9.9625e-04
3.0158e-04
-1.3708e-04
-3.7346e-04
-9.4487e-04
-2.0093e-03
-3.2319e-03
-4.3207e-03
-5.3407e-03
-6.7466e-03
-8.3953e-03
-9.6930e-03
-1.0669e-02
-1.1692e-02
-1.2887e-02
-1.4043e-02
-1.4946e-02
-1.5780e-02
-1.6735e-02
-1.7669e-02
-1.8683e-02
-2.0014e-02
-2.1043e-02
-2.1489e-02
-2.1835e-02
-2.2471e-02
-2.3380e-02
-2.4402e-02
-2.5347e-02
-2.6000e-02
-2.6487e-02
-2.7000e-02
-2.7516e-02
-2.8050e-02
-2.8808e-02
-2.9350e-02
-2.9278e-02
-2.9036e-02
-2.9034e-02
-2.9264e-02
-2.9636e-02
-3.0099e-02
-3.0382e-02
-3.0478e-02
-3.0699e-02
-3.1239e-02
-3.1981e-02
-3.2434e-02
-3.2785e-02
-3.3778e-02
-3.4779e-02
-3.4844e-02
-3.3880e-02
-3.2870e-02
-3.2650e-02
-3.3002e-02
-3.3417e-02
-3.3621e-02
-3.3707e-02
-3.3824e-02
-3.3784e-02
-3.3546e-02
-3.3495e-02
-3.3442e-02
-3.2883e-02
-3.2206e-02
-3.1763e-02
-3.1066e-02
-3.0021e-02
-2.8962e-02
-2.7757e-02
-2.6276e-02
-2.4725e-02
-2.2959e-02
-2.0689e-02
-1.8920e-02
-1.8104e-02
-1.7654e-02
-1.6792e-02
-1.5279e-02
-1.3817e-02
-1.2872e-02
-1.2422e-02
-1.2076e-02
-1.1553e-02
-1.0743e-02
-9.8672e-03
-9.5731e-03
-9.6640e-03
-9.5014e-03
-9.1328e-03
-8.9473e-03
-9.3974e-03
-9.9727e-03
-9.9032e-03
-9.6797e-03
-9.9069e-03
-1.0514e-02
-1.1014e-02
-1.1131e-02
-1.1118e-02
-1.1399e-02
-1.2301e-02
-1.3244e-02
-1.3678e-02
-1.3949e-02
-1.4488e-02
-1.5314e-02
-1.5989e-02
-1.6272e-02
-1.6520e-02
-1.6960e-02
-1.7486e-02
-1.8132e-02
-1.8890e-02
-1.9068e-02
-1.8876e-02
-1.9074e-02
-1.9519e-02
-1.9680e-02
-1.9282e-02
-1.8642e-02
-1.8137e-02
-1.7518e-02
-1.6504e-02
-1.5558e-02
-1.4896e-02
-1.4302e-02
-1.3627e-02
-1.2968e-02
-1.2664e-02
-1.2464e-02
-1.1881e-02
-1.1457e-02
-1.1745e-02
-1.2327e-02
-1.2390e-02
-1.1683e-02
-1.1929e-02
-1.3656e-02
-1.5195e-02
-1.5656e-02
-1.5534e-02
-1.5918e-02
-1.7030e-02
-1.8290e-02
-1.8913e-02
-1.8560e-02
-1.8102e-02
-1.8335e-02
-1.9405e-02
-1.9882e-02
-1.8701e-02
-1.5868e-02
-1.2833e-02
-1.1895e-02
-1.1965e-02
-1.0884e-02
-7.7752e-03
-4.2500e-03
-3.1796e-03
-3.3171e-03
-1.9668e-03
2.9821e-04
1.9191e-03
2.6965e-03
2.5866e-03
1.2179e-03
5.4091e-05
-3.5099e-04
-1.3243e-03
-3.1008e-03
-4.9053e-03
-6.2620e-03
-7.2300e-03
-7.8990e-03
-8.4015e-03
-8.8307e-03
-9.3053e-03
-9.7056e-03
-9.7083e-03
-9.3695e-03
-8.9232e-03
-8.4143e-03
-7.8588e-03
-7.3180e-03
-6.9674e-03
-6.9088e-03
-7.0895e-03
-7.2071e-03
-7.0101e-03
-6.6935e-03
-6.5021e-03
-6.5306e-03
-6.5143e-03
-6.1572e-03
-5.5900e-03
-4.9740e-03
-4.0703e-03
-3.2533e-03
-3.1548e-03
-3.0097e-03
-2.1272e-03
-1.2557e-03
-8.3980e-04
-5.8258e-04
-4.0248e-04
-3.4256e-04
-3.3661e-04
-1.8286e-04
2.6655e-04
6.8495e-04
9.6621e-04
1.7977e-03
3.2684e-03
4.8793e-03
5.9272e-03
6.3645e-03
6.3755e-03
6.3113e-03
6.3693e-03
6.3343e-03
6.0690e-03
5.7488e-03
5.5032e-03
5.3118e-03
5.1909e-03
5.1173e-03
4.9896e-03
4.8285e-03
4.7257e-03
4.7139e-03
4.5702e-03
3.8469e-03
2.8092e-03
1.8658e-03
7.0463e-04
-6.6392e-04
-1.4483e-03
-1.8537e-03
-2.5503e-03
-3.7830e-03
-5.2719e-03
-6.6405e-03
-7.5545e-03
-8.0449e-03
-8.7553e-03
-9.6385e-03
-9.9175e-03
-9.8082e-03
-9.7778e-03
-8.9582e-03
-7.4057e-03
-6.0200e-03
-4.7923e-03
-3.3747e-03
-2.6240e-03
-2.5770e-03
-2.5448e-03
-2.4286e-03
-2.4987e-03
-2.5214e-03
-2.4559e-03
-2.5959e-03
-2.8180e-03
-2.8846e-03
-3.0295e-03
-3.2909e-03
-3.3981e-03
-3.6301e-03
-4.3167e-03
-5.1482e-03
-5.9139e-03
-6.8140e-03
-7.4108e-03
-7.3384e-03
-7.3552e-03
-7.9442e-03
-9.0147e-03
-9.7326e-03
-9.5754e-03
-8.7308e-03
-7.8951e-03
-7.5439e-03
-7.2786e-03
-6.6253e-03
-5.6836e-03
-4.7346e-03
-3.8688e-03
-3.1364e-03
-2.5451e-03
-1.9904e-03
-1.4253e-03
-8.8356e-04
-2.7165e-04
4.3193e-04
6.5827e-04
1.4670e-04
-8.7196e-04
-1.5138e-03
-1.3776e-03
-1.2835e-03
-1.7143e-03
-2.2968e-03
-2.4455e-03
-2.0734e-03
-1.7385e-03
-1.7675e-03
-2.0566e-03
-1.9881e-03
-1.2719e-03
-4.8142e-04
-1.5158e-05
2.5289e-04
7.1661e-04
1.5133e-03
1.7818e-03
1.3193e-03
9.9830e-04
1.2656e-03
1.9056e-03
2.2653e-03
1.9367e-03
7.4200e-04
-5.8151e-04
-1.4035e-03
-2.2125e-03
-3.4303e-03
-4.7524e-03
-5.8358e-03
-6.6993e-03
-7.6849e-03
-8.6854e-03
-9.0425e-03
-8.9865e-03
-9.0078e-03
-8.5105e-03
-7.5602e-03
-7.5002e-03
-7.6474e-03
-6.7266e-03
-5.0700e-03
-3.6153e-03
-2.8878e-03
-2.3855e-03
-1.5229e-03
-5.0751e-04
2.6393e-04
5.4430e-04
1.8194e-04
-9.2234e-04
-1.8333e-03
-1.9504e-03
-1.6866e-03
-1.7052e-03
-2.2993e-03
-3.0494e-03
-3.5290e-03
-3.6578e-03
-3.5310e-03
-3.1070e-03
-2.5463e-03
-1.9963e-03
-1.4825e-03
-9.7508e-04
-5.5981e-04
-2.1487e-04
1.5470e-04
5.6658e-04
9.7975e-04
1.3682e-03
1.7380e-03
2.0802e-03
2.3995e-03
2.7229e-03
3.0588e-03
3.3961e-03
3.6551e-03
3.6765e-03
2.5766e-03
1.2048e-03
2.3272e-04
1.6269e-04
-1.8655e-04
-1.0723e-03
-1.6926e-03
-1.7895e-03
-1.6382e-03
-1.5098e-03
-1.4619e-03
-1.4243e-03
-1.3090e-03
-1.0712e-03
-4.9464e-04
3.6778e-04
1.0933e-03
1.5718e-03
1.9823e-03
2.3366e-03
2.5230e-03
2.5594e-03
2.8356e-03
3.9862e-03
5.1331e-03
5.3688e-03
5.4082e-03
5.9822e-03
7.0797e-03
8.0990e-03
8.6199e-03
9.1752e-03
1.0207e-02
1.1133e-02
1.1548e-02
1.1465e-02
1.1348e-02
1.1471e-02
1.1547e-02
1.1379e-02
1.1196e-02
1.1048e-02
1.0773e-02
1.0815e-02
1.1506e-02
1.2339e-02
1.2848e-02
1.2971e-02
1.3129e-02
1.3545e-02
1.3616e-02
1.3247e-02
1.3220e-02
1.3642e-02
1.4087e-02
1.4391e-02
1.4596e-02
1.4416e-02
1.4000e-02
1.3759e-02
1.3634e-02
1.3463e-02
1.4042e-02
1.5225e-02
1.5487e-02
1.4836e-02
1.4253e-02
1.4337e-02
1.4831e-02
1.5261e-02
1.5438e-02
1.5426e-02
1.5889e-02
1.7155e-02
1.8371e-02
1.9081e-02
1.9772e-02
2.0355e-02
2.0204e-02
1.9874e-02
1.9972e-02
2.0112e-02
2.0061e-02
2.0332e-02
2.0843e-02
2.1002e-02
1.9772e-02
1.7371e-02
1.5142e-02
1.3539e-02
1.2834e-02
1.3401e-02
1.3354e-02
1.1429e-02
8.8032e-03
6.8854e-03
6.0015e-03
4.9806e-03
2.8726e-03
8.8849e-04
-9.5131e-05
-6.4678e-04
-1.3005e-03
-1.9469e-03
-2.7680e-03
-3.9570e-03
-5.2524e-03
-6.2951e-03
-6.8463e-03
-7.3581e-03
-8.2853e-03
-9.1127e-03
-9.4846e-03
-9.7860e-03
-1.0364e-02
-1.1198e-02
-1.1988e-02
-1.2576e-02
-1.2932e-02
-1.3212e-02
-1.3671e-02
-1.4263e-02
-1.4794e-02
-1.5084e-02
-1.5204e-02
-1.5407e-02
-1.5699e-02
-1.5870e-02
-1.5905e-02
-1.5938e-02
-1.6117e-02
-1.6453e-02
-1.6878e-02
-1.6773e-02
-1.5541e-02
-1.4387e-02
-1.4200e-02
-1.3962e-02
-1.3105e-02
-1.2130e-02
-1.1389e-02
-1.0777e-02
-1.0299e-02
-9.8945e-03
-9.1593e-03
-8.3121e-03
-8.0745e-03
-8.2761e-03
-8.3533e-03
-8.0973e-03
-7.6874e-03
-7.3112e-03
-6.9524e-03
-6.4781e-03
-5.8723e-03
-5.2160e-03
-4.7146e-03
-4.2169e-03
-3.2852e-03
-2.1095e-03
-1.1095e-03
-3.5577e-04
4.6219e-04
2.1268e-03
4.0245e-03
4.6285e-03
4.9352e-03
6.3320e-03
7.4047e-03
7.1711e-03
6.5384e-03
6.7419e-03
8.0785e-03
8.9151e-03
8.5035e-03
7.6506e-03
7.0160e-03
6.4620e-03
5.8019e-03
4.9870e-03
3.8576e-03
2.8650e-03
2.6121e-03
2.4067e-03
1.5674e-03
4.4168e-04
-3.5425e-04
-6.4316e-04
-9.8397e-04
-1.6922e-03
-2.1638e-03
-2.2659e-03
-2.4536e-03
-2.5815e-03
-2.3245e-03
-2.0899e-03
-2.1733e-03
-2.4006e-03
-2.4511e-03
-2.2418e-03
-1.8847e-03
-1.3872e-03
-5.5636e-04
3.3654e-04
9.0635e-04
1.1732e-03
1.4758e-03
2.4416e-03
3.6556e-03
4.2814e-03
4.4652e-03
4.7472e-03
5.3985e-03
6.3219e-03
7.3724e-03
8.3510e-03
9.2253e-03
1.0140e-02
1.1304e-02
1.2967e-02
1.4387e-02
1.4978e-02
1.5545e-02
1.6613e-02
1.7777e-02
1.8524e-02
1.8720e-02
1.8737e-02
1.8936e-02
1.9634e-02
2.0392e-02
2.0593e-02
2.0463e-02
2.0382e-02
2.0107e-02
1.9715e-02
1.9578e-02
1.9357e-02
1.8696e-02
1.7987e-02
1.7415e-02
1.6664e-02
1.5874e-02
1.5360e-02
1.5084e-02
1.4802e-02
1.4378e-02
1.3767e-02
1.3036e-02
1.2578e-02
1.2373e-02
1.1928e-02
1.1374e-02
1.1056e-02
1.0619e-02
9.9253e-03
9.4338e-03
9.1008e-03
8.5326e-03
7.7393e-03
6.9638e-03
6.3479e-03
5.7810e-03
5.1408e-03
4.6272e-03
4.2291e-03
3.2247e-03
1.8524e-03
8.9935e-04
1.7094e-04
-7.8582e-04
-1.9615e-03
-2.8382e-03
-2.9861e-03
-2.8684e-03
-2.8774e-03
-2.8187e-03
-2.6846e-03
-2.6645e-03
-2.5337e-03
-2.1194e-03
-1.5334e-03
-9.6463e-04
-4.5031e-04
8.5633e-05
7.2232e-04
1.5083e-03
2.1999e-03
2.5489e-03
2.8590e-03
3.3548e-03
3.8743e-03
4.3075e-03
4.7469e-03
5.4919e-03
6.4489e-03
7.0997e-03
7.3490e-03
7.3975e-03
7.4977e-03
7.6376e-03
7.6031e-03
7.5440e-03
7.7486e-03
8.0282e-03
8.1278e-03
8.0185e-03
7.8283e-03
7.6301e-03
7.5728e-03
7.6547e-03
7.7153e-03
7.6241e-03
7.3609e-03
7.0858e-03
6.9182e-03
6.8684e-03
6.7604e-03
6.4342e-03
5.9448e-03
5.5290e-03
5.4737e-03
5.5650e-03
5.4918e-03
5.3834e-03
5.3606e-03
5.2477e-03
5.1322e-03
5.1846e-03
5.2889e-03
5.2514e-03
4.9657e-03
4.8836e-03
5.2951e-03
5.5574e-03
5.4015e-03
5.3240e-03
5.5146e-03
5.7510e-03
5.7635e-03
5.6095e-03
5.5736e-03
5.6450e-03
5.6767e-03
5.8193e-03
6.1456e-03
6.4889e-03
6.7350e-03
6.9070e-03
7.0135e-03
7.1052e-03
7.3097e-03
7.6272e-03
7.9495e-03
8.0146e-03
7.8299e-03
7.6668e-03
7.6852e-03
7.8198e-03
7.8708e-03
7.7647e-03
7.5502e-03
7.4188e-03
7.4561e-03
7.4830e-03
7.3044e-03
6.8022e-03
6.2031e-03
5.7287e-03
5.3501e-03
4.9193e-03
4.3610e-03
4.1510e-03
4.5759e-03
4.9793e-03
4.9794e-03
4.8267e-03
4.6721e-03
4.4502e-03
4.2395e-03
4.1068e-03
4.0415e-03
3.9740e-03
3.8784e-03
3.8362e-03
3.7942e-03
3.5155e-03
3.2434e-03
3.2719e-03
3.4305e-03
3.4729e-03
3.3360e-03
3.2248e-03
3.2924e-03
3.4785e-03
3.7354e-03
4.1591e-03
4.5152e-03
4.5172e-03
4.4826e-03
4.6648e-03
4.9118e-03
5.1273e-03
5.3828e-03
5.5883e-03
5.6848e-03
5.7438e-03
5.8044e-03
5.8036e-03
5.5465e-03
5.0916e-03
4.8589e-03
4.7453e-03
4.3442e-03
3.7976e-03
3.3961e-03
3.2811e-03
3.2675e-03
3.1379e-03
2.9156e-03
2.7198e-03
2.6032e-03
2.5099e-03
2.3739e-03
2.2116e-03
2.0364e-03
1.7162e-03
1.2774e-03
8.6362e-04
6.2993e-04
5.1812e-04
2.5999e-04
-1.3544e-04
-4.6221e-04
-5.9605e-04
-6.0062e-04
-5.4489e-04
-5.3036e-04
-6.2502e-04
-6.8850e-04
-6.3856e-04
-5.4682e-04
-4.3971e-04
-2.8435e-04
-2.6310e-04
-4.0146e-04
-3.9798e-04
-2.3082e-04
-1.0860e-04
-4.8278e-05
4.0782e-05
1.1577e-04
2.0206e-04
3.8536e-04
5.5316e-04
6.0310e-04
6.2198e-04
5.9759e-04
4.1975e-04
2.5272e-04
2.2295e-04
1.2572e-04
-1.3046e-04
-4.6733e-04
-7.4304e-04
-9.2697e-04
-1.1663e-03
-1.4913e-03
-1.8093e-03
-2.0764e-03
-2.3258e-03
-2.6241e-03
-2.8120e-03
-2.6785e-03
-2.4732e-03
-2.4549e-03
-2.6547e-03
-2.8940e-03
-3.0416e-03
-3.1181e-03
-3.2117e-03
-3.4408e-03
-3.7421e-03
-3.9719e-03
-4.1076e-03
-4.2122e-03
-4.3309e-03
-4.4846e-03
-4.6775e-03
-4.8449e-03
-4.9510e-03
-5.0363e-03
-5.1219e-03
-5.1677e-03
-5.1092e-03
-4.9657e-03
-4.9598e-03
-5.1117e-03
-5.2963e-03
-5.3840e-03
-5.3625e-03
-5.3243e-03
-5.3121e-03
-5.2817e-03
-5.2656e-03
-5.3053e-03
-5.3265e-03
-5.2996e-03
-5.2639e-03
-5.2409e-03
-5.2311e-03
-5.2851e-03
-5.3636e-03
-5.3714e-03
-5.3307e-03
-5.2972e-03
-5.2151e-03
-5.0950e-03
-5.0159e-03
-4.9520e-03
-4.8536e-03
-4.7821e-03
-4.7469e-03
-4.6869e-03
-4.5906e-03
-4.5003e-03
-4.4973e-03
-4.5383e-03
-4.5146e-03
-4.4111e-03
-4.2812e-03
-4.1768e-03
-4.0989e-03
-4.0281e-03
-3.9655e-03
-3.9173e-03
-3.8532e-03
-3.7745e-03
-3.7253e-03
-3.6993e-03
-3.6678e-03
-3.6454e-03
-3.6345e-03
-3.6010e-03
-3.5565e-03
-3.5324e-03
-3.5500e-03
-3.5814e-03
-3.5670e-03
-3.5098e-03
-3.4512e-03
-3.4399e-03
-3.4606e-03
-3.4534e-03
-3.4187e-03
-3.3911e-03
-3.3633e-03
-3.3171e-03
-3.2517e-03
-3.1765e-03
-3.0997e-03
-3.0719e-03
-3.0806e-03
-3.0412e-03
-2.9505e-03
-2.8549e-03
-2.7826e-03
-2.7233e-03
-2.6559e-03
-2.5911e-03
-2.5479e-03
-2.4858e-03
-2.3865e-03
-2.2735e-03
-2.1826e-03
-2.1309e-03
-2.1029e-03
-2.0773e-03
-2.0485e-03
-2.0239e-03
-2.0099e-03
-2.0006e-03
-1.9910e-03
-1.9876e-03
-1.9862e-03
-1.9767e-03
-1.9612e-03
-1.9453e-03
-1.9267e-03
-1.9066e-03
-1.8892e-03
-1.8749e-03
-1.8606e-03
-1.8388e-03
-1.8105e-03
-1.7815e-03
-1.7611e-03
-1.7516e-03
-1.7486e-03
-1.7553e-03
-1.7784e-03
-1.7796e-03
-1.7387e-03
-1.6992e-03
-1.6825e-03
-1.6710e-03
-1.6509e-03
-1.6258e-03
-1.6062e-03
-1.5932e-03
-1.5816e-03
-1.5703e-03
-1.5612e-03
-1.5554e-03
-1.5506e-03
-1.5444e-03
-1.5402e-03
-1.5402e-03
-1.5380e-03
-1.5318e-03
-1.5250e-03
-1.5186e-03
-1.5115e-03
-1.5065e-03
-1.5032e-03
-1.4968e-03
-1.4859e-03
-1.4732e-03
-1.4625e-03
-1.4537e-03
-1.4433e-03
-1.4320e-03
-1.4220e-03
-1.4126e-03
-1.4025e-03
-1.3911e-03
-1.3794e-03
-1.3684e-03
-1.3610e-03
-1.3564e-03
-1.3505e-03
-1.3392e-03
-1.3233e-03
-1.3105e-03
-1.3025e-03
-1.2942e-03
-1.2839e-03
-1.2737e-03
-1.2636e-03
-1.2527e-03
-1.2410e-03
-1.2291e-03
-1.2175e-03
-1.2069e-03
-1.1970e-03
-1.1869e-03
-1.1767e-03
-1.1676e-03
-1.1602e-03
-1.1539e-03
-1.1472e-03
-1.1400e-03
-1.1333e-03
-1.1271e-03
-1.1210e-03
-1.1151e-03
-1.1093e-03
-1.1029e-03
-1.0964e-03
-1.0905e-03
-1.0862e-03
-1.0822e-03
-1.0762e-03
-1.0687e-03
-1.0610e-03
-1.0540e-03
-1.0479e-03
-1.0425e-03
-1.0359e-03
-1.0281e-03
-1.0204e-03
-1.0131e-03
-1.0059e-03
-9.9867e-04
-9.9142e-04
-9.8390e-04
-9.7619e-04
-9.6857e-04
-9.6084e-04
-9.5295e-04
-9.4526e-04
-9.3779e-04
-9.3035e-04
-9.2275e-04
-9.1506e-04
-9.0736e-04
-8.9996e-04
-8.9304e-04
-8.8629e-04
-8.7935e-04
-8.7189e-04
-8.6440e-04
-8.5744e-04
-8.5075e-04
-8.4392e-04
-8.3688e-04
-8.2987e-04
-8.2312e-04
-8.1650e-04
-8.0988e-04
-8.0323e-04
-7.9656e-04
-7.8982e-04
-7.8309e-04
-7.7646e-04
-7.6994e-04
-7.6345e-04
-7.5694e-04
-7.5042e-04
-7.4390e-04
-7.3742e-04
-7.3099e-04
-7.2456e-04
-7.1812e-04
-7.1169e-04
-7.0526e-04
-6.9884e-04
-6.9243e-04
-6.8602e-04
-6.7963e-04
-6.7324e-04
-6.6686e-04
-6.6048e-04
-6.5410e-04
-6.4774e-04
-6.4138e-04
-6.3502e-04
-6.2867e-04
-6.2232e-04
-6.1598e-04
-6.0965e-04
-6.0332e-04
-5.9700e-04
-5.9068e-04
-5.8437e-04
-5.7806e-04
-5.7175e-04
-5.6545e-04
-5.5915e-04
-5.5286e-04
-5.4658e-04
-5.4029e-04
-5.3402e-04
-5.2774e-04
-5.2147e-04
-5.1521e-04
-5.0895e-04
-5.0270e-04
-4.9645e-04
-4.9021e-04
-4.8397e-04
-4.7774e-04
-4.7151e-04
-4.6529e-04
-4.5907e-04
-4.5287e-04
-4.4666e-04
-4.4046e-04
-4.3427e-04
-4.2809e-04
-4.2191e-04
-4.1574e-04
-4.0957e-04
-4.0341e-04
-3.9726e-04
-3.9111e-04
-3.8498e-04
-3.7884e-04
-3.7272e-04
-3.6660e-04
-3.6049e-04
