5.7728e-04
5.7628e-04
5.7528e-04
5.7430e-04
5.7334e-04
5.7232e-04
5.7136e-04
5.7033e-04
5.6933e-04
5.6829e-04
5.6730e-04
5.6669e-04
5.6507e-04
5.6425e-04
5.6331e-04
5.6243e-04
5.6168e-04
5.6041e-04
5.5915e-04
5.5851e-04
5.5722e-04
5.5680e-04
5.5560e-04
5.5505e-04
5.5301e-04
5.5249e-04
5.5379e-04
5.4683e-04
5.5244e-04
5.4611e-04
5.5082e-04
5.4298e-04
5.4817e-04
5.3990e-04
5.4877e-04
5.3522e-04
5.4608e-04
5.3452e-04
5.4432e-04
5.3162e-04
5.4081e-04
5.3101e-04
5.3792e-04
5.2578e-04
5.3770e-04
5.2289e-04
5.4209e-04
5.1883e-04
5.3628e-04
5.1980e-04
5.3629e-04
5.1414e-04
5.3280e-04
5.1259e-04
5.3597e-04
5.1161e-04
5.2344e-04
5.1994e-04
5.1666e-04
5.1729e-04
5.1490e-04
5.1705e-04
5.1607e-04
5.1768e-04
5.1189e-04
5.0614e-04
5.1030e-04
5.0851e-04
5.0933e-04
5.0677e-04
5.0890e-04
5.0669e-04
5.0967e-04
5.0661e-04
4.8974e-04
5.0084e-04
5.1095e-04
4.9946e-04
4.8625e-04
4.9514e-04
4.9457e-04
5.0210e-04
4.9828e-04
4.8996e-04
4.8857e-04
4.8917e-04
4.6915e-04
5.1972e-04
4.6768e-04
5.0156e-04
4.5558e-04
5.0652e-04
4.5655e-04
5.1872e-04
4.5579e-04
5.1000e-04
4.5199e-04
4.9889e-04
4.5846e-04
4.8818e-04
4.4459e-04
5.1485e-04
4.3310e-04
5.1055e-04
4.3494e-04
4.9895e-04
4.3119e-04
4.9524e-04
4.2478e-04
5.0288e-04
4.2089e-04
4.9875e-04
4.0625e-04
5.1612e-04
4.2970e-04
4.9767e-04
4.0891e-04
4.8817e-04
4.4646e-04
4.4526e-04
4.6651e-04
4.3757e-04
4.6098e-04
4.2957e-04
4.6020e-04
4.4419e-04
4.4421e-04
4.4541e-04
4.5827e-04
4.2856e-04
4.3564e-04
4.3869e-04
4.4552e-04
4.3154e-04
4.2288e-04
4.2731e-04
4.3571e-04
4.0811e-04
4.5123e-04
4.1328e-04
4.3742e-04
4.0460e-04
4.3471e-04
4.1296e-04
4.4665e-04
4.0693e-04
4.3136e-04
4.5269e-04
5.0508e-04
3.6357e-04
4.7337e-04
3.7601e-04
4.7832e-04
3.4317e-04
4.6496e-04
3.5753e-04
5.0464e-04
3.1141e-04
4.5526e-04
3.3975e-04
4.9713e-04
3.2480e-04
4.8572e-04
3.0947e-04
4.7984e-04
3.2781e-04
4.9868e-04
3.2353e-04
4.8762e-04
3.0427e-04
4.4252e-04
3.2831e-04
4.8067e-04
3.1964e-04
4.6791e-04
2.7306e-04
5.0025e-04
2.4488e-04
-6.8842e-03
4.2824e-04
3.3584e-04
4.0360e-04
3.7072e-04
4.3480e-04
3.6248e-04
3.7903e-04
3.4218e-04
3.8384e-04
3.7777e-04
4.0402e-04
3.2875e-04
3.8581e-04
3.7862e-04
3.6823e-04
3.4940e-04
3.9330e-04
3.4067e-04
4.1687e-04
3.5740e-04
3.9917e-04
3.2172e-04
3.6702e-04
3.3219e-04
4.2515e-04
3.0993e-04
4.0705e-04
3.3730e-04
3.5400e-04
3.5964e-04
4.1609e-04
2.6128e-04
4.5660e-04
2.3204e-04
4.7489e-04
2.7267e-04
4.5762e-04
2.4782e-04
3.8754e-04
2.4020e-04
4.4219e-04
2.6796e-04
4.4201e-04
2.8788e-04
4.5975e-04
2.3027e-04
4.5488e-04
1.9967e-04
4.5115e-04
2.3916e-04
4.9367e-04
2.2544e-04
4.3005e-04
2.1779e-04
5.1365e-04
2.5216e-04
3.8856e-04
1.8746e-04
4.8534e-04
2.4097e-04
-9.3939e-03
3.5895e-04
3.1903e-04
3.2933e-04
3.1062e-04
3.6536e-04
2.7164e-04
3.4057e-04
2.7194e-04
3.2710e-04
3.0687e-04
3.7258e-04
2.7521e-04
2.7283e-04
2.6529e-04
3.1978e-04
2.8255e-04
3.5666e-04
2.6097e-04
3.8334e-04
2.0939e-04
3.3462e-04
2.7103e-04
3.1830e-04
2.3889e-04
3.3854e-04
2.7342e-04
3.7066e-04
2.6613e-04
3.3333e-04
2.5095e-04
3.7865e-04
1.7794e-04
4.1353e-04
1.2325e-04
4.2081e-04
1.8564e-04
4.0967e-04
1.1518e-04
4.3270e-04
1.5793e-04
4.0305e-04
1.4147e-04
4.4976e-04
1.5790e-04
3.9776e-04
1.2038e-04
3.9578e-04
1.4078e-04
3.7010e-04
1.3748e-04
4.4578e-04
1.2627e-04
3.7008e-04
1.9406e-04
3.6811e-04
1.8153e-04
3.4507e-04
1.6245e-04
4.0495e-04
1.5256e-04
2.0553e-04
3.0852e-04
2.2724e-04
2.9074e-04
2.7132e-04
2.9797e-04
2.3908e-04
2.8021e-04
2.2788e-04
2.8742e-04
1.9959e-04
3.4204e-04
2.0286e-04
3.2954e-04
2.0614e-04
3.2229e-04
2.4365e-04
2.8346e-04
2.3114e-04
3.3808e-04
1.6598e-04
3.3347e-04
2.1930e-04
2.6832e-04
2.1073e-04
2.8477e-04
2.2061e-04
2.7490e-04
1.7125e-04
3.4268e-04
1.6400e-04
4.1835e-04
1.0412e-04
3.2557e-04
1.5743e-04
3.1965e-04
1.1598e-04
3.5190e-04
1.3507e-04
2.8017e-04
1.5153e-04
2.7294e-04
1.2324e-04
3.0783e-04
8.8368e-05
3.9799e-04
8.9021e-05
3.1046e-04
1.2523e-04
3.1902e-04
6.9283e-05
3.4337e-04
1.3049e-04
3.0719e-04
1.0615e-04
3.6182e-04
6.2085e-05
3.1774e-04
9.6966e-05
3.0262e-04
1.0554e-04
2.9540e-04
2.3124e-04
1.6576e-04
2.0427e-04
1.3354e-04
2.5628e-04
1.2499e-04
2.1615e-04
1.1646e-04
2.8527e-04
1.0396e-04
2.0171e-04
1.2964e-04
2.7609e-04
1.0400e-04
2.4386e-04
1.3233e-04
2.4455e-04
1.6854e-04
2.6102e-04
1.0868e-04
2.7749e-04
1.4360e-04
2.7292e-04
1.1137e-04
2.3675e-04
1.2128e-04
2.4665e-04
1.3381e-04
2.3154e-04
1.2265e-04
2.9409e-04
6.9376e-05
2.2108e-04
1.2007e-04
3.2969e-04
3.3892e-05
2.8168e-04
5.9590e-05
2.5341e-04
6.9506e-05
2.7254e-04
1.2153e-04
2.6402e-04
2.7461e-05
2.7789e-04
6.8966e-05
2.2594e-04
3.6751e-05
2.4374e-04
6.1173e-07
3.0105e-04
4.4743e-05
2.3726e-04
1.2561e-05
2.6560e-04
6.8531e-05
2.7685e-04
3.2400e-05
2.2359e-04
4.3633e-05
2.9932e-04
1.6149e-04
3.6816e-05
2.6356e-04
7.7015e-05
2.0373e-04
9.2211e-05
1.9786e-04
8.3716e-05
2.1043e-04
8.9699e-05
1.8086e-04
4.3023e-05
1.5262e-04
7.9277e-05
1.8229e-04
8.1315e-05
1.9618e-04
4.9128e-05
1.3767e-04
9.0616e-06
1.4893e-04
7.2962e-05
2.0232e-04
7.3720e-05
1.3201e-04
4.9458e-05
1.8933e-04
1.0152e-04
1.3215e-04
1.0225e-04
1.7238e-04
2.7973e-05
2.3103e-04
1.9497e-05
1.9755e-04
-7.3931e-06
2.3778e-04
4.3366e-05
2.2932e-04
-1.3794e-05
2.2216e-04
-6.4377e-05
2.0843e-04
2.8495e-05
2.1970e-04
-6.1570e-05
1.9018e-04
2.4735e-05
1.3960e-04
-3.1112e-05
2.3248e-04
-6.5893e-05
2.0034e-04
-2.1693e-05
1.6953e-04
-4.9874e-05
2.1374e-04
-2.1449e-05
1.4476e-04
-4.8314e-05
2.4951e-04
1.4988e-04
5.6816e-05
1.2302e-04
2.2055e-05
1.7382e-04
-3.1121e-05
1.7064e-04
-1.5866e-05
1.3852e-04
2.1774e-05
1.1694e-04
-3.1402e-05
1.1510e-04
-9.5097e-05
7.9574e-06
-1.8380e-04
-1.1760e-04
-3.5806e-04
-3.6292e-04
-7.1657e-04
-7.2802e-04
-8.8162e-04
-6.8643e-04
-4.6888e-04
-6.7046e-05
2.9792e-04
1.4157e-03
2.6863e-03
3.7265e-03
3.5400e-03
2.7086e-03
1.7824e-03
4.2853e-04
-1.6072e-03
-4.0692e-03
-7.8173e-03
-9.5384e-03
-6.0897e-03
-2.1027e-03
-3.3203e-04
1.9230e-03
1.8102e-03
-1.1220e-04
-3.0850e-03
-5.5234e-03
-1.3184e-02
-2.3227e-02
-2.6994e-02
-2.9299e-02
-3.4006e-02
-2.3435e-02
-7.7134e-03
-4.9147e-03
-1.4097e-02
-3.6992e-03
1.0766e-02
-9.4425e-05
-1.3631e-02
-1.4686e-02
-1.9176e-02
-3.6979e-02
-3.6896e-02
-2.5275e-02
-7.4398e-03
-2.9263e-03
8.6339e-03
2.1517e-02
3.5869e-02
3.1031e-02
9.4995e-03
-1.8402e-02
-3.2784e-02
-2.4837e-02
3.3216e-03
-4.3299e-03
-2.0791e-02
-1.9916e-02
-9.1209e-04
8.8017e-03
-5.9545e-03
-6.9110e-03
5.1396e-04
-1.1212e-02
-1.5682e-02
9.2055e-04
1.8841e-02
2.7713e-03
-4.5984e-02
-6.3236e-02
-4.0174e-02
-4.0156e-02
-4.6875e-02
-4.3291e-02
-2.2618e-02
-1.3072e-02
-2.2322e-02
-2.3049e-02
4.2895e-04
-3.2506e-02
-6.7091e-02
-3.5537e-02
9.3317e-03
2.9556e-03
-1.7873e-02
-1.4598e-02
-3.6218e-02
-5.1901e-02
-4.2271e-02
-2.2329e-02
-2.0441e-02
-1.2115e-02
2.4908e-02
6.3633e-02
6.1256e-02
4.0806e-03
-3.5801e-02
-1.5946e-02
-1.6421e-02
-4.7880e-02
-4.3062e-02
-2.9337e-02
-2.2108e-02
-1.1000e-02
5.9436e-03
3.0792e-02
4.6056e-02
1.7243e-02
2.1860e-02
1.5487e-02
2.4000e-03
3.8733e-03
-9.4825e-03
-1.6888e-02
-7.2444e-03
7.5917e-03
1.3504e-02
2.4750e-02
2.6424e-02
4.3338e-02
4.8046e-02
1.1313e-02
-1.2512e-02
-2.9494e-02
-3.9325e-02
-5.1370e-02
-5.7773e-02
-1.2588e-02
2.6045e-02
1.6696e-02
1.1868e-02
3.4373e-02
3.1246e-02
-1.5154e-02
-4.4424e-02
-7.6256e-02
-5.9585e-02
-4.1187e-02
-4.4236e-02
-3.9141e-02
-1.6663e-02
-9.0605e-06
-1.6299e-03
-1.3162e-03
1.1235e-02
1.7477e-02
2.4326e-03
3.4727e-03
2.4363e-02
3.4211e-02
2.2432e-02
1.1053e-02
3.8222e-02
6.0151e-02
3.7865e-02
3.7167e-02
6.1862e-02
6.7150e-02
3.9551e-02
1.0184e-02
8.4252e-03
9.1234e-03
-2.3003e-03
-8.0961e-03
-8.0694e-03
-1.0887e-02
-1.9736e-02
-1.4188e-02
2.9238e-03
1.0782e-02
2.1393e-03
8.1955e-03
6.5022e-03
6.2988e-03
-4.5509e-03
-1.4941e-02
-1.1668e-02
-1.9444e-02
-8.7396e-03
1.3080e-02
1.2558e-02
3.3209e-03
1.2393e-03
1.1503e-02
-4.3612e-04
-1.8806e-02
-1.3489e-02
-9.5923e-03
-1.5724e-02
-3.6928e-02
-4.3619e-02
-2.1059e-02
-2.3572e-02
-1.9134e-02
-7.0511e-03
-6.7570e-03
-7.6119e-03
-8.4525e-03
1.3042e-02
3.4179e-02
3.3090e-02
3.9514e-02
3.5867e-02
2.6114e-02
1.6430e-02
1.4199e-02
1.7784e-02
2.1974e-04
-1.2452e-02
-3.3448e-03
3.9381e-03
5.9787e-03
8.3366e-03
6.9632e-03
5.5555e-03
-8.3773e-04
2.4927e-03
1.2836e-02
2.6093e-02
1.3263e-02
1.6161e-02
2.1349e-02
1.2330e-02
8.2897e-03
-4.4659e-03
-2.9518e-03
8.7245e-03
5.9877e-03
-9.0421e-03
-1.3890e-02
-1.7379e-02
-8.6179e-03
-1.4693e-02
-3.8751e-02
-3.5252e-02
-3.4844e-02
-3.8561e-02
-4.2715e-02
-2.0732e-02
2.1959e-02
4.0722e-02
4.8684e-02
5.4451e-02
6.5943e-02
6.3465e-02
6.8631e-02
6.6776e-02
5.1117e-02
3.1472e-02
2.5726e-02
2.5783e-02
2.5684e-02
2.8687e-02
7.1369e-03
3.5718e-03
1.2606e-02
2.3161e-02
3.6811e-02
3.0732e-02
1.2566e-02
9.1358e-03
-1.4205e-02
-4.1740e-02
-5.4089e-02
-5.8534e-02
-6.4174e-02
-7.0606e-02
-5.7143e-02
-4.3973e-02
-4.4992e-02
-4.4180e-02
-1.4163e-02
1.4359e-02
-2.9239e-03
1.0491e-02
3.5013e-02
2.5890e-02
2.7123e-03
3.0011e-03
1.5266e-02
3.3581e-03
-1.8246e-02
-3.6821e-02
-1.2675e-02
-1.1799e-02
-2.3372e-02
-1.1097e-02
9.0865e-03
2.5477e-02
2.6455e-02
3.0962e-02
3.0251e-02
1.2994e-02
-4.9625e-03
1.3860e-03
-1.8215e-04
-2.3801e-04
-1.1031e-02
-1.0579e-02
-9.5188e-04
-9.7220e-03
1.3856e-03
1.2407e-02
9.0458e-03
2.3257e-02
1.9777e-02
3.0832e-02
1.2815e-02
-1.6780e-02
-7.0632e-03
-2.4468e-03
1.9245e-02
2.4145e-02
7.8164e-03
1.0719e-02
2.7026e-02
2.4136e-02
2.0414e-02
-3.1287e-03
-8.9838e-03
2.2189e-02
2.8407e-02
1.3876e-02
3.3049e-02
4.6665e-02
2.4156e-02
-1.4519e-03
-2.4056e-02
-1.4632e-02
-4.6641e-03
-1.0856e-02
9.9979e-03
3.0624e-02
-3.9240e-04
-1.3601e-02
2.2416e-02
2.5378e-02
-2.8491e-03
-2.1197e-02
-9.8065e-03
2.3198e-02
1.5356e-02
7.0833e-04
6.4080e-03
6.9999e-03
-1.3845e-02
-9.2493e-03
1.8859e-02
2.0422e-02
2.3282e-02
2.0470e-02
2.4401e-02
3.7620e-02
4.6614e-02
2.8687e-02
1.4894e-02
-9.2156e-03
-1.7024e-03
-1.3224e-02
-2.2329e-02
-1.6411e-03
2.7612e-02
6.9751e-02
5.7174e-02
5.9643e-02
6.1544e-02
4.8341e-02
4.6280e-02
4.3009e-02
4.7416e-02
6.4406e-02
7.4036e-02
5.3744e-02
4.4146e-02
5.0607e-02
5.7537e-02
6.6357e-02
3.9615e-02
3.9253e-02
8.2523e-02
7.9581e-02
5.3150e-02
5.0036e-02
5.8125e-02
5.9441e-02
4.1058e-02
1.1448e-02
4.5539e-02
8.1736e-02
3.8858e-02
1.6782e-02
1.4179e-02
3.1198e-03
-2.7454e-03
-2.3933e-02
-2.1365e-02
6.5040e-03
2.6984e-02
3.9437e-02
4.0402e-02
4.9690e-02
4.2526e-02
2.7880e-02
1.9569e-02
-2.7904e-04
-3.8907e-02
-1.0265e-01
-8.8718e-02
-7.4343e-02
-6.6781e-02
-5.0938e-02
-6.4365e-02
-5.9356e-02
-6.8523e-02
-8.3024e-02
-4.8131e-02
-2.0229e-02
-1.0790e-02
-1.2429e-02
3.6583e-03
2.1314e-02
3.0969e-02
1.3494e-02
-1.8512e-02
-2.4630e-02
-2.0399e-03
7.2916e-03
-2.8404e-02
-2.3836e-02
9.9478e-03
8.7132e-03
-1.8285e-02
-6.4030e-02
-7.1175e-02
-4.1636e-02
-5.2099e-02
-6.9835e-02
-8.8744e-02
-8.3242e-02
-4.8405e-02
-8.2298e-02
-1.2383e-01
-9.4031e-02
-9.0895e-02
-1.0220e-01
-1.1029e-01
-1.3624e-01
-1.5747e-01
-1.3712e-01
-1.5043e-01
-1.8169e-01
-1.4399e-01
-8.9363e-02
-7.8189e-02
-7.5597e-02
-8.4591e-02
-7.1929e-02
-7.5517e-02
-1.0141e-01
-1.2249e-01
-1.2123e-01
-1.0274e-01
-9.9299e-02
-9.8825e-02
-4.4679e-02
1.2204e-02
3.0753e-02
5.3420e-02
6.4788e-02
8.1567e-02
1.1868e-01
1.4647e-01
1.7936e-01
2.1990e-01
2.1901e-01
1.9243e-01
1.9385e-01
2.0717e-01
2.0330e-01
2.1853e-01
1.9403e-01
1.5361e-01
1.2571e-01
1.0732e-01
9.7675e-02
1.0501e-01
8.4190e-02
9.3603e-02
1.1009e-01
8.9024e-02
1.1296e-01
1.3073e-01
1.4890e-01
1.6769e-01
1.5784e-01
1.3875e-01
1.4470e-01
1.6611e-01
1.5832e-01
1.4091e-01
1.3636e-01
1.3856e-01
1.3675e-01
1.4264e-01
1.5301e-01
1.7405e-01
1.5454e-01
1.2045e-01
2.5740e-02
-7.8100e-02
-1.3741e-01
-1.4826e-01
-1.6079e-01
-1.5594e-01
-1.7924e-01
-2.1376e-01
-2.3817e-01
-2.5762e-01
-2.7572e-01
-2.6904e-01
-2.3152e-01
-2.0353e-01
-1.9489e-01
-1.9288e-01
-1.8318e-01
-1.4875e-01
-8.0595e-02
-3.0629e-02
-3.4870e-02
-3.8928e-02
-5.6547e-03
2.3061e-02
2.2418e-02
-1.5387e-03
-1.8263e-02
-3.0029e-02
-7.3367e-02
-1.2405e-01
-1.5849e-01
-1.6613e-01
-1.7520e-01
-2.2700e-01
-2.6436e-01
-2.9860e-01
-3.4060e-01
-3.5040e-01
-3.6606e-01
-4.1765e-01
-4.3360e-01
-4.4204e-01
-4.6714e-01
-4.8353e-01
-4.8283e-01
-4.8034e-01
-4.7358e-01
-4.5943e-01
-4.3274e-01
-3.9129e-01
-3.5703e-01
-3.2748e-01
-2.7946e-01
-1.9348e-01
-4.6752e-02
8.3925e-02
1.1144e-01
1.0768e-01
1.1077e-01
1.0358e-01
1.7978e-01
2.5650e-01
2.3142e-01
2.9853e-01
4.4478e-01
5.8888e-01
7.1761e-01
8.4293e-01
9.5302e-01
1.0604e+00
1.0592e+00
9.8427e-01
9.2031e-01
7.0644e-01
4.1764e-01
1.9928e-01
2.1959e-01
3.9009e-01
4.5766e-01
4.0833e-01
3.0416e-01
2.6242e-01
2.6243e-01
3.1344e-01
4.1083e-01
3.8797e-01
3.2113e-01
2.9660e-01
3.1413e-01
3.6768e-01
3.8583e-01
3.7996e-01
3.1785e-01
2.7471e-01
2.4770e-01
1.6024e-01
9.5092e-02
8.6348e-02
9.7824e-02
5.7269e-02
-1.3749e-02
-5.1939e-02
-7.0007e-02
-1.0020e-01
-1.4060e-01
-2.0616e-01
-2.8872e-01
-3.6118e-01
-4.0886e-01
-4.4391e-01
-5.1390e-01
-5.9912e-01
-6.2369e-01
-5.9020e-01
-5.7265e-01
-5.9153e-01
-6.2911e-01
-6.0560e-01
-5.6671e-01
-4.8031e-01
-4.4034e-01
-4.2525e-01
-3.8647e-01
-3.2779e-01
-2.5100e-01
-1.5818e-01
-7.5887e-02
8.6853e-03
1.1669e-01
1.6938e-01
1.5753e-01
1.4005e-01
1.1790e-01
1.0638e-01
1.0850e-01
1.3287e-01
1.5027e-01
1.2703e-01
9.4705e-02
6.9034e-02
4.3631e-02
9.8939e-02
1.7643e-01
1.9998e-01
2.0266e-01
1.9167e-01
1.3941e-01
7.4605e-02
-4.0514e-03
-5.1288e-02
-1.3209e-01
-1.5883e-01
-1.5692e-01
-1.8504e-01
-2.2695e-01
-2.5915e-01
-2.9188e-01
-3.1326e-01
-3.1582e-01
-2.9949e-01
-2.6969e-01
-2.5108e-01
-2.4899e-01
-2.2620e-01
-1.7079e-01
-1.1803e-01
-8.1570e-02
-4.4338e-02
-5.7266e-03
1.4492e-02
2.4077e-02
4.4090e-02
4.7834e-02
1.4058e-02
-9.1906e-03
4.0573e-02
8.7521e-02
7.6705e-02
3.2292e-02
8.8617e-03
-2.7073e-03
1.8888e-02
8.3726e-03
-4.0625e-02
-5.9159e-02
-2.6888e-02
8.2040e-03
9.9326e-04
-3.4611e-02
-6.3718e-02
-4.4656e-02
-2.6645e-02
-4.5286e-02
-5.2182e-02
-4.7089e-02
-2.9953e-02
-1.2201e-02
-1.4271e-02
-1.2934e-02
-1.4638e-02
-1.9593e-02
-1.3514e-02
3.1376e-02
5.4854e-02
4.6185e-02
5.2513e-02
9.9581e-02
1.3994e-01
1.4530e-01
1.4145e-01
1.4849e-01
1.5023e-01
1.4661e-01
1.4555e-01
1.1641e-01
1.0359e-01
1.0626e-01
1.0887e-01
1.0230e-01
9.1010e-02
9.1630e-02
1.0006e-01
1.1004e-01
1.2518e-01
1.3804e-01
1.3853e-01
1.4431e-01
1.1436e-01
7.6758e-02
6.4897e-02
7.8005e-02
6.9344e-02
4.4598e-02
2.1223e-02
1.0004e-02
1.9277e-02
1.1312e-02
-2.1155e-02
-2.1480e-02
-8.8760e-03
-3.0465e-02
-4.4887e-02
-5.8608e-02
-4.5753e-02
-4.5183e-02
-5.8054e-02
-8.9828e-02
-1.1758e-01
-1.0627e-01
-1.1134e-01
-1.4304e-01
-1.5295e-01
-1.5077e-01
-1.4782e-01
-1.4806e-01
-1.5405e-01
-1.6473e-01
-1.7852e-01
-1.7953e-01
-1.7349e-01
-1.6383e-01
-1.5460e-01
-1.4175e-01
-1.2117e-01
-1.0768e-01
-9.8125e-02
-8.1499e-02
-6.3309e-02
-3.7308e-02
-1.7423e-02
-2.0006e-02
-2.2769e-02
-1.9124e-03
3.9232e-02
6.3894e-02
7.2487e-02
9.1066e-02
1.0399e-01
1.2429e-01
1.4303e-01
1.5011e-01
1.7022e-01
2.0125e-01
2.1874e-01
2.1717e-01
2.1162e-01
2.2662e-01
2.4816e-01
2.4807e-01
2.3509e-01
2.3274e-01
2.3489e-01
2.3145e-01
2.3138e-01
2.4917e-01
2.7008e-01
2.5221e-01
1.9470e-01
1.5349e-01
1.3957e-01
1.0636e-01
5.4307e-02
3.6991e-02
2.5718e-02
3.2947e-02
4.8481e-02
5.2697e-02
2.5753e-02
-2.5679e-03
-3.8754e-02
-5.1713e-02
-1.2644e-02
1.7167e-03
-4.5437e-03
-1.3475e-02
8.9090e-04
2.9273e-02
4.3817e-02
2.8114e-02
1.0572e-02
2.3899e-02
1.6814e-02
-6.8344e-03
-3.7446e-02
-6.4314e-02
-7.3557e-02
-8.0152e-02
-1.0452e-01
-1.3663e-01
-1.5666e-01
-1.5101e-01
-1.5607e-01
-1.7186e-01
-1.9628e-01
-1.9988e-01
-1.8856e-01
-1.6083e-01
-1.4467e-01
-1.4819e-01
-1.3896e-01
-1.1473e-01
-1.0578e-01
-1.2197e-01
-8.8371e-02
-9.8519e-02
-1.4288e-01
-1.1286e-01
-1.3474e-01
-9.9333e-02
-1.1380e-01
-1.1089e-01
-9.6917e-02
-9.4434e-02
-1.0002e-01
-9.9579e-02
-7.5589e-02
-3.7997e-02
-1.8277e-02
-1.4610e-03
1.2550e-02
2.9121e-02
4.5019e-02
4.7878e-02
4.7124e-02
5.3424e-02
5.2697e-02
2.8006e-02
2.3863e-02
3.9747e-02
4.5473e-02
6.0860e-02
6.6081e-02
5.2898e-02
8.2388e-03
-2.1437e-02
-2.6165e-02
-1.8548e-02
-2.0103e-02
-6.2248e-02
-7.8209e-02
-4.7787e-02
-5.1197e-02
-5.9462e-02
-4.6591e-02
-4.5160e-02
-1.8222e-02
5.9954e-03
8.5097e-03
1.7729e-02
3.2648e-03
7.3510e-04
4.8149e-02
2.0666e-02
-5.5342e-03
-1.6421e-02
-5.9834e-02
-9.2545e-02
-8.9179e-02
-8.4162e-02
-8.1097e-02
-9.1589e-02
-1.2025e-01
-8.0483e-02
-6.7547e-02
-5.4796e-02
-3.9581e-02
-4.6513e-02
-3.8979e-02
-4.3862e-03
1.0175e-02
-8.4343e-04
7.8523e-03
4.3584e-02
5.4398e-02
5.5018e-02
5.3483e-02
5.0006e-02
6.0038e-02
6.9141e-02
6.6450e-02
5.2614e-02
3.7130e-02
4.3286e-02
4.3905e-02
3.3588e-02
3.1984e-02
3.1706e-02
2.9233e-02
2.0597e-02
2.8899e-03
-6.7405e-04
1.9938e-02
2.2883e-02
5.9948e-03
2.9469e-03
6.4021e-03
8.9743e-03
1.3234e-02
2.4190e-02
3.8441e-02
2.4160e-02
6.5865e-02
9.3603e-02
8.1624e-02
1.1448e-01
9.5937e-02
9.2957e-02
1.2907e-01
1.1987e-01
1.2686e-01
1.3601e-01
1.2403e-01
1.3914e-01
1.2461e-01
9.6795e-02
5.3360e-02
3.6858e-02
3.4955e-02
6.0887e-02
6.7099e-02
5.1248e-02
3.3329e-02
4.1677e-02
5.9247e-02
6.9559e-02
7.1362e-02
8.3138e-02
9.9233e-02
9.8889e-02
8.2343e-02
8.7899e-02
9.5235e-02
7.4132e-02
6.6323e-02
6.8735e-02
5.4340e-02
3.0768e-02
1.8140e-02
2.5086e-02
3.2783e-02
2.1592e-02
8.8737e-03
6.2850e-03
9.4653e-03
1.4775e-02
1.6438e-02
1.4905e-02
1.4221e-02
1.4532e-02
9.7579e-03
6.9364e-03
-1.6415e-03
-1.5624e-02
-2.7065e-02
-2.6317e-02
-2.5295e-02
-3.2427e-02
-4.1550e-02
-4.5360e-02
-5.5145e-02
-6.8473e-02
-6.3944e-02
-5.9769e-02
-6.6320e-02
-6.7711e-02
-7.1396e-02
-7.9482e-02
-8.0213e-02
-7.8475e-02
-6.7800e-02
-5.9874e-02
-6.0145e-02
-5.7990e-02
-4.8640e-02
-3.5716e-02
-1.6581e-02
5.0043e-03
1.2861e-02
2.2346e-02
2.9334e-02
3.3611e-02
3.2286e-02
3.1353e-02
2.6828e-02
1.7752e-02
8.4675e-03
-5.8213e-04
-3.6167e-03
-4.2967e-03
-8.3841e-03
-1.4050e-02
-1.0496e-02
4.8957e-03
1.6409e-02
2.2052e-02
2.8252e-02
3.7153e-02
3.5275e-02
2.3769e-02
1.2178e-02
3.9642e-04
-1.8359e-02
-4.1307e-02
-5.5566e-02
-4.9683e-02
-4.0085e-02
-4.3904e-02
-5.0383e-02
-5.6709e-02
-4.6162e-02
-4.3292e-02
-6.4394e-02
-7.4141e-02
-7.4251e-02
-8.0113e-02
-8.6029e-02
-9.2989e-02
-9.6732e-02
-9.0252e-02
-9.5016e-02
-1.0431e-01
-9.6465e-02
-8.7852e-02
-8.1951e-02
-7.9762e-02
-7.5651e-02
-7.7480e-02
-8.3846e-02
-8.4968e-02
-8.3825e-02
-8.3774e-02
-9.0664e-02
-9.2859e-02
-8.3522e-02
-8.2524e-02
-7.9411e-02
-7.5202e-02
-7.2134e-02
-5.5105e-02
-4.6752e-02
-4.9161e-02
-4.0425e-02
-3.0836e-02
-2.7004e-02
-2.1990e-02
-1.7335e-02
-1.9877e-02
-3.2942e-02
-3.8598e-02
-2.9994e-02
-2.2714e-02
-2.4281e-02
-3.4284e-02
-3.8688e-02
-3.0855e-02
-2.6672e-02
-3.5592e-02
-4.5446e-02
-4.3042e-02
-3.8959e-02
-3.9394e-02
-4.1415e-02
-4.5634e-02
-3.5835e-02
-1.2760e-02
-2.6880e-03
-5.6763e-03
-4.0742e-03
5.2461e-03
1.5125e-02
2.3962e-02
2.1285e-02
1.7987e-02
2.5662e-02
2.3332e-02
1.3654e-02
1.1384e-02
1.1320e-02
8.9631e-03
2.4925e-04
-8.4593e-03
-6.6488e-04
1.5835e-02
1.9451e-02
2.2575e-02
4.0398e-02
5.6098e-02
6.0762e-02
6.7297e-02
7.7271e-02
8.3433e-02
9.2786e-02
9.8694e-02
9.3952e-02
8.9070e-02
9.9039e-02
1.0949e-01
1.0628e-01
9.8576e-02
9.5048e-02
9.1569e-02
9.3159e-02
8.8327e-02
7.6905e-02
7.0589e-02
6.6489e-02
6.5090e-02
5.9195e-02
5.3879e-02
5.4500e-02
4.8311e-02
4.0341e-02
3.8476e-02
3.0383e-02
1.5964e-02
2.8210e-03
-7.5434e-03
-7.8904e-03
-1.5988e-03
-9.4307e-03
-1.2560e-02
1.2400e-03
9.7284e-03
9.8552e-03
1.2721e-02
2.7715e-02
4.8751e-02
5.3839e-02
4.9445e-02
5.0418e-02
6.2355e-02
8.1156e-02
9.5465e-02
1.0073e-01
1.0190e-01
1.0107e-01
9.3380e-02
7.6557e-02
6.5595e-02
6.4443e-02
5.3252e-02
3.7148e-02
2.4904e-02
1.6925e-02
1.3783e-02
8.0710e-03
4.2532e-03
2.0005e-03
-4.5575e-03
-9.5715e-03
-5.9741e-03
-1.9422e-03
-3.6172e-03
-6.0568e-03
-7.2580e-03
-4.7727e-03
-2.7071e-03
-1.1810e-02
-1.1473e-02
-5.4434e-03
8.6148e-03
1.4834e-02
1.6939e-02
2.5112e-02
3.5259e-02
4.3148e-02
4.6697e-02
3.9620e-02
3.3449e-02
3.1348e-02
2.1424e-02
6.6868e-03
-7.9392e-03
-2.4183e-02
-3.5915e-02
-3.6610e-02
-4.1411e-02
-5.0631e-02
-5.5217e-02
-5.3254e-02
-4.8130e-02
-5.0149e-02
-5.7696e-02
-6.2435e-02
-6.7945e-02
-6.9710e-02
-7.0969e-02
-8.0497e-02
-8.9657e-02
-9.3089e-02
-9.2971e-02
-8.9155e-02
-8.4780e-02
-7.4977e-02
-5.6115e-02
-2.9017e-02
-4.3139e-03
9.9089e-03
2.3578e-02
4.2432e-02
6.3730e-02
7.9429e-02
8.4006e-02
7.8182e-02
7.4729e-02
7.9065e-02
8.1179e-02
7.1184e-02
4.8446e-02
2.7471e-02
1.0711e-02
-8.3330e-03
-2.1207e-02
-2.9408e-02
-3.3630e-02
-3.9440e-02
-5.2080e-02
-5.7235e-02
-5.5807e-02
-5.2613e-02
-5.4866e-02
-5.6216e-02
-4.9001e-02
-3.1043e-02
-1.8438e-02
-3.7535e-03
1.5681e-02
4.0253e-02
6.5725e-02
8.4278e-02
9.4733e-02
9.7656e-02
1.0562e-01
1.1644e-01
1.0965e-01
1.0256e-01
1.0328e-01
9.9223e-02
8.5147e-02
6.4041e-02
4.0453e-02
2.1868e-02
8.9029e-03
-6.6495e-03
-2.0862e-02
-2.9255e-02
-3.3923e-02
-3.4047e-02
-3.1627e-02
-2.8423e-02
-2.5784e-02
-2.2421e-02
-1.1789e-02
-3.2197e-04
1.3008e-02
3.1118e-02
4.5264e-02
5.6413e-02
7.2169e-02
8.5286e-02
9.4653e-02
9.9470e-02
1.0031e-01
9.9766e-02
9.4000e-02
8.5385e-02
7.0376e-02
4.3958e-02
2.3442e-02
1.2979e-02
6.0734e-03
2.1926e-03
-4.2628e-03
-1.0188e-02
-9.0897e-03
-4.1193e-03
5.3755e-04
5.6699e-03
3.8448e-03
-5.7282e-03
-1.2532e-02
-1.3930e-02
-1.6038e-02
-2.5822e-02
-3.5339e-02
-4.2185e-02
-5.1681e-02
-6.0447e-02
-6.4250e-02
-6.7462e-02
-7.1484e-02
-7.9271e-02
-8.5266e-02
-8.1348e-02
-7.6582e-02
-8.0204e-02
-8.7454e-02
-8.8602e-02
-8.7184e-02
-8.3807e-02
-7.9601e-02
-7.3357e-02
-5.9955e-02
-4.3637e-02
-2.9091e-02
-1.6876e-02
-2.8415e-03
8.9610e-03
1.0454e-02
7.0630e-03
6.9661e-03
9.7109e-03
9.9075e-03
6.1769e-03
-8.0041e-03
-2.2338e-02
-2.6045e-02
-3.2604e-02
-4.6364e-02
-5.4634e-02
-6.3109e-02
-7.2464e-02
-7.7437e-02
-8.2514e-02
-8.3991e-02
-8.2578e-02
-8.4639e-02
-8.2424e-02
-8.0276e-02
-8.5815e-02
-9.0443e-02
-9.0482e-02
-9.0546e-02
-9.5934e-02
-1.0932e-01
-1.1602e-01
-1.1343e-01
-1.1136e-01
-1.1402e-01
-1.2309e-01
-1.3447e-01
-1.3585e-01
-1.3033e-01
-1.2967e-01
-1.3083e-01
-1.2686e-01
-1.1567e-01
-9.9591e-02
-8.2579e-02
-6.4478e-02
-4.5720e-02
-3.1657e-02
-1.3076e-02
4.6897e-03
1.6032e-02
2.6030e-02
3.4766e-02
4.6422e-02
5.7535e-02
6.1880e-02
6.0721e-02
6.0237e-02
6.0289e-02
5.0735e-02
3.5501e-02
2.2999e-02
1.2556e-02
4.1160e-05
-1.5360e-02
-2.6954e-02
-3.1912e-02
-3.2381e-02
-3.1478e-02
-3.1183e-02
-3.0993e-02
-2.5636e-02
-1.6299e-02
-1.0024e-02
-7.8418e-03
-3.3034e-04
9.5058e-03
1.7575e-02
2.8206e-02
4.2696e-02
5.1524e-02
5.7999e-02
6.8979e-02
7.9820e-02
8.4664e-02
9.0266e-02
9.4459e-02
9.4346e-02
8.9684e-02
7.2246e-02
4.9330e-02
3.6157e-02
3.0059e-02
1.8967e-02
6.4122e-03
-7.9190e-03
-2.0317e-02
-2.0287e-02
-1.2839e-02
-1.3800e-02
-1.8194e-02
-1.7690e-02
-1.2962e-02
-1.0578e-02
-1.0747e-02
-1.0639e-02
-1.1705e-02
-7.8273e-03
-3.1956e-04
5.8982e-03
1.5351e-02
2.6111e-02
2.8097e-02
2.9358e-02
3.3591e-02
3.1933e-02
2.5544e-02
1.5273e-02
5.6537e-03
-6.9901e-03
-2.1970e-02
-3.5757e-02
-4.2481e-02
-4.6453e-02
-5.7330e-02
-6.6600e-02
-6.4898e-02
-5.9674e-02
-4.7722e-02
-2.9282e-02
-8.9176e-03
1.1217e-02
2.1155e-02
3.9162e-02
5.5993e-02
6.8948e-02
8.4320e-02
9.7865e-02
1.0334e-01
1.0272e-01
9.9905e-02
9.4098e-02
8.7924e-02
7.8986e-02
6.7939e-02
5.6996e-02
5.1967e-02
5.3922e-02
4.5480e-02
3.2325e-02
2.9051e-02
3.1247e-02
3.1978e-02
2.7481e-02
2.0232e-02
1.8247e-02
2.4349e-02
2.7330e-02
2.2825e-02
1.5336e-02
1.0825e-02
7.2781e-03
4.5144e-03
-7.3143e-04
-2.8186e-03
-3.8186e-03
-4.6133e-03
-4.4815e-03
-4.2746e-03
-1.4513e-03
9.5348e-03
1.9597e-02
2.6929e-02
2.7136e-02
2.7995e-02
2.9480e-02
3.4697e-02
3.8058e-02
3.7405e-02
3.8432e-02
4.0933e-02
3.5686e-02
2.7472e-02
2.7019e-02
3.1180e-02
3.1078e-02
2.6412e-02
2.3876e-02
2.2722e-02
2.4431e-02
2.6519e-02
2.4367e-02
2.0473e-02
1.9494e-02
2.1254e-02
2.3742e-02
1.8182e-02
1.1996e-02
9.3007e-03
8.1862e-03
7.2704e-03
6.2244e-03
2.7105e-03
-2.8275e-03
-2.7734e-03
-1.4134e-03
-4.4337e-03
-9.3690e-03
-1.2834e-02
-1.4129e-02
-1.5117e-02
-1.6829e-02
-1.7620e-02
-1.7238e-02
-1.6648e-02
-1.5979e-02
-1.6874e-02
-1.7863e-02
-1.8916e-02
-1.9036e-02
-1.5400e-02
-1.3473e-02
-1.4613e-02
-1.3637e-02
-1.2992e-02
-1.4210e-02
-1.2477e-02
-6.1392e-03
-6.5206e-03
-1.2979e-02
-1.4358e-02
-9.8194e-03
-7.9423e-03
-1.0730e-02
-1.4987e-02
-1.8750e-02
-1.7149e-02
-1.9036e-02
-2.6242e-02
-2.9095e-02
-2.7875e-02
-2.4811e-02
-2.2798e-02
-2.6117e-02
-2.9916e-02
-2.8986e-02
-2.7217e-02
-2.9219e-02
-3.4418e-02
-4.0248e-02
-4.3413e-02
-4.1796e-02
-4.0325e-02
-3.6620e-02
-3.4871e-02
-3.3115e-02
-3.1012e-02
-3.0294e-02
-2.8626e-02
-1.7885e-02
-6.4500e-03
1.9004e-05
7.3648e-03
1.6690e-02
2.3929e-02
3.0459e-02
3.4361e-02
3.5234e-02
3.5872e-02
3.4121e-02
2.8345e-02
2.1360e-02
1.9458e-02
1.6744e-02
1.4667e-02
1.7398e-02
1.6106e-02
1.0068e-02
5.3064e-03
1.9978e-03
-8.4890e-04
-2.4558e-03
-2.6583e-03
-4.4827e-04
2.5896e-03
4.0521e-03
5.5869e-03
5.4752e-03
8.4671e-03
1.0256e-02
1.0738e-02
1.1984e-02
9.5248e-03
7.9679e-03
1.1544e-02
1.7297e-02
1.8837e-02
1.7225e-02
1.8115e-02
2.2578e-02
2.7719e-02
3.1326e-02
3.2983e-02
3.8090e-02
4.4276e-02
4.6143e-02
4.5917e-02
4.7066e-02
4.2630e-02
3.5146e-02
2.4948e-02
1.4366e-02
3.9172e-03
-6.7394e-03
-1.5956e-02
-2.0556e-02
-2.2697e-02
-2.9608e-02
-3.6542e-02
-3.8199e-02
-3.8536e-02
-4.5811e-02
-5.3073e-02
-5.5881e-02
-5.4018e-02
-5.2335e-02
-5.3978e-02
-5.1239e-02
-4.5792e-02
-4.4535e-02
-4.4344e-02
-4.1969e-02
-3.8206e-02
-3.4781e-02
-3.7021e-02
-4.0971e-02
-4.2249e-02
-4.0668e-02
-4.1772e-02
-4.0395e-02
-3.6047e-02
-3.1193e-02
-2.7058e-02
-2.1341e-02
-6.9988e-03
5.6758e-03
9.9444e-03
1.7970e-02
2.2971e-02
2.8875e-02
3.2062e-02
3.3357e-02
3.6556e-02
4.0033e-02
4.2755e-02
4.3853e-02
4.6834e-02
5.1851e-02
5.6241e-02
6.0817e-02
6.3704e-02
6.5760e-02
6.7369e-02
6.5985e-02
6.3236e-02
5.9873e-02
5.5356e-02
5.0495e-02
4.2493e-02
3.4545e-02
3.3623e-02
3.3824e-02
3.1541e-02
3.1051e-02
3.2446e-02
3.3229e-02
3.3411e-02
3.3634e-02
3.2685e-02
3.3250e-02
3.2834e-02
3.0779e-02
2.8801e-02
2.3238e-02
1.6468e-02
1.2044e-02
4.1887e-03
-8.1513e-03
-1.8999e-02
-2.7950e-02
-3.2657e-02
-3.5378e-02
-4.2696e-02
-4.9694e-02
-5.3165e-02
-5.6265e-02
-6.1656e-02
-6.7945e-02
-6.8687e-02
-6.5596e-02
-6.1100e-02
-5.7409e-02
-5.2360e-02
-4.3387e-02
-3.5469e-02
-3.6227e-02
-3.6899e-02
-3.6702e-02
-3.5563e-02
-3.4271e-02
-3.4116e-02
-3.3977e-02
-3.0821e-02
-2.6999e-02
-2.2645e-02
-1.6851e-02
-1.2705e-02
-8.7579e-03
-1.3662e-03
6.0766e-03
1.4519e-02
2.1214e-02
2.4378e-02
2.6705e-02
2.8060e-02
2.9179e-02
2.9957e-02
2.7968e-02
2.5760e-02
2.1524e-02
1.4452e-02
7.9603e-03
6.5021e-03
5.7967e-03
8.5200e-04
-3.8755e-03
-5.8235e-03
-6.6565e-03
-8.5307e-03
-1.0159e-02
-1.0713e-02
-8.7702e-03
-7.7896e-03
-7.1459e-03
-6.4431e-03
-4.4649e-03
-2.2221e-03
-6.3209e-04
-7.7903e-05
2.7243e-03
5.5896e-03
5.1237e-03
4.6553e-03
5.2660e-03
7.3811e-03
6.5363e-03
1.4244e-03
-5.1312e-03
-1.3014e-02
-2.1800e-02
-3.2851e-02
-4.2021e-02
-4.5701e-02
-4.6395e-02
-4.6535e-02
-4.8684e-02
-4.8226e-02
-4.5346e-02
-4.3575e-02
-3.6727e-02
-3.0692e-02
-2.8001e-02
-2.2615e-02
-1.8797e-02
-1.8024e-02
-1.9510e-02
-2.1229e-02
-2.2749e-02
-2.7550e-02
-3.0364e-02
-2.9575e-02
-2.9464e-02
-3.1537e-02
-3.2294e-02
-2.9843e-02
-2.8624e-02
-2.8485e-02
-2.6209e-02
-2.2641e-02
-2.2196e-02
-2.1853e-02
-1.9419e-02
-1.4986e-02
-1.0948e-02
-8.1739e-03
-1.9315e-03
1.6736e-03
5.0915e-03
8.6413e-03
1.6225e-02
2.0302e-02
2.4979e-02
3.0389e-02
3.4542e-02
3.9020e-02
4.1720e-02
4.2148e-02
4.2428e-02
4.2931e-02
4.4595e-02
4.4211e-02
4.1764e-02
3.9329e-02
3.8326e-02
3.8221e-02
3.6077e-02
3.4341e-02
3.5627e-02
3.4054e-02
2.9396e-02
2.6114e-02
2.4346e-02
2.2273e-02
2.0948e-02
2.2801e-02
2.3429e-02
2.5403e-02
3.2214e-02
3.6240e-02
3.8335e-02
4.6856e-02
5.5757e-02
6.0615e-02
6.1821e-02
6.1531e-02
6.5348e-02
6.9199e-02
6.9669e-02
7.2874e-02
7.6614e-02
7.7120e-02
7.6759e-02
7.5995e-02
7.3857e-02
7.0054e-02
6.3727e-02
5.4753e-02
4.5562e-02
3.5643e-02
2.6065e-02
2.0832e-02
1.6359e-02
9.7751e-03
6.3373e-03
4.4814e-03
3.5167e-03
3.5100e-03
1.9988e-04
3.7870e-04
2.3648e-03
3.5098e-03
1.4817e-03
7.4050e-04
4.2679e-03
2.3581e-03
-2.2365e-03
-5.0440e-03
-6.9787e-03
-1.1059e-02
-1.8839e-02
-2.6493e-02
-3.2921e-02
-3.9133e-02
-4.3741e-02
-4.9033e-02
-5.2279e-02
-5.1971e-02
-4.9939e-02
-4.6038e-02
-4.2725e-02
-3.7964e-02
-3.1425e-02
-2.8187e-02
-2.8540e-02
-2.4452e-02
-2.2417e-02
-2.4980e-02
-2.9931e-02
-3.5861e-02
-4.0995e-02
-4.3439e-02
-4.9586e-02
-5.3896e-02
-5.6750e-02
-5.7217e-02
-5.6416e-02
-5.4980e-02
-5.1995e-02
-4.8834e-02
-4.5909e-02
-4.4135e-02
-4.2903e-02
-4.0262e-02
-3.7764e-02
-3.5848e-02
-3.4041e-02
-3.0857e-02
-2.4163e-02
-1.9900e-02
-1.7221e-02
-1.3500e-02
-9.6661e-03
-6.2665e-03
-4.5674e-03
-2.8973e-03
-6.2169e-04
-3.4988e-03
-8.9346e-03
-7.3605e-03
-5.4390e-03
-6.6012e-03
-1.0292e-02
-1.3594e-02
-1.5558e-02
-1.6895e-02
-2.0128e-02
-2.1817e-02
-2.0868e-02
-1.9625e-02
-1.8103e-02
-1.6554e-02
-1.4349e-02
-1.0954e-02
-1.0154e-02
-7.5438e-03
-4.5918e-03
-2.9993e-03
7.2654e-04
4.8948e-03
8.8088e-03
1.2900e-02
1.5438e-02
1.9435e-02
2.5793e-02
3.1424e-02
3.4730e-02
3.6992e-02
4.0654e-02
4.4290e-02
4.5596e-02
4.5230e-02
4.1551e-02
3.7883e-02
3.5942e-02
3.1288e-02
2.6115e-02
2.1090e-02
1.7093e-02
1.4851e-02
1.0570e-02
5.7712e-03
2.9466e-03
-1.1717e-03
-6.5457e-03
-8.7399e-03
-9.8535e-03
-1.1978e-02
-1.3044e-02
-1.4010e-02
-1.3208e-02
-1.3413e-02
-1.3495e-02
-1.2310e-02
-1.2000e-02
-1.1059e-02
-9.7772e-03
-9.7668e-03
-1.0990e-02
-9.7539e-03
-7.5588e-03
-5.5531e-03
-4.7254e-03
-2.1722e-03
3.7371e-03
7.6737e-03
1.0901e-02
1.3929e-02
1.5926e-02
1.7991e-02
1.9346e-02
1.9729e-02
2.0752e-02
2.0767e-02
2.0949e-02
2.0888e-02
2.1287e-02
2.2770e-02
2.3883e-02
2.5709e-02
2.5825e-02
2.4265e-02
2.1883e-02
1.7713e-02
1.4703e-02
1.2076e-02
8.2904e-03
6.6713e-03
4.2903e-03
9.0491e-04
-1.1181e-03
-3.5742e-03
-4.9300e-03
-7.1715e-03
-1.0229e-02
-1.3122e-02
-1.6199e-02
-2.0203e-02
-2.3137e-02
-2.5730e-02
-2.8517e-02
-3.0993e-02
-3.2489e-02
-3.2043e-02
-3.2264e-02
-3.2721e-02
-3.2315e-02
-3.1683e-02
-2.8302e-02
-2.3685e-02
-2.0245e-02
-1.5814e-02
-8.8160e-03
-2.6999e-03
2.6606e-03
8.4068e-03
1.4175e-02
1.9639e-02
2.4544e-02
2.8224e-02
3.1149e-02
3.2182e-02
3.2005e-02
3.1569e-02
3.0247e-02
2.7802e-02
2.4890e-02
2.2695e-02
1.9833e-02
1.6858e-02
1.4308e-02
1.1702e-02
7.5296e-03
5.4604e-03
3.0570e-03
-3.7437e-04
-3.8728e-03
-7.1042e-03
-8.8127e-03
-9.3815e-03
-9.4883e-03
-1.0373e-02
-9.6295e-03
-7.2961e-03
-4.0915e-03
7.3070e-04
5.1963e-03
8.2878e-03
1.0770e-02
1.2793e-02
1.2662e-02
7.9675e-03
2.7305e-03
4.9810e-04
-4.6258e-03
-1.0538e-02
-1.6386e-02
-2.2841e-02
-2.7828e-02
-3.1048e-02
-3.5797e-02
-3.9667e-02
-3.9952e-02
-3.9188e-02
-3.7083e-02
-3.3664e-02
-2.9229e-02
-2.3667e-02
-1.7183e-02
-1.0463e-02
-6.3558e-03
-2.3179e-03
2.6767e-03
6.6816e-03
8.2648e-03
8.4397e-03
8.1645e-03
6.4047e-03
2.8141e-03
-1.9544e-03
-6.6862e-03
-1.0237e-02
-1.2540e-02
-1.3561e-02
-1.3552e-02
-9.7908e-03
-4.9200e-03
1.4487e-03
7.8634e-03
1.2938e-02
1.7593e-02
2.2863e-02
2.7705e-02
3.1328e-02
3.5868e-02
3.8729e-02
3.8959e-02
3.6765e-02
3.4773e-02
3.4231e-02
3.5371e-02
3.7097e-02
3.8171e-02
3.9727e-02
4.0757e-02
4.0367e-02
3.9292e-02
3.9587e-02
3.8765e-02
3.8206e-02
3.7708e-02
3.6163e-02
3.5599e-02
3.4689e-02
3.3638e-02
3.0751e-02
2.7545e-02
2.4535e-02
2.0177e-02
1.4532e-02
9.8226e-03
5.9107e-03
2.8334e-03
-9.5866e-04
-5.5021e-03
-9.7483e-03
-1.3474e-02
-1.6832e-02
-1.9784e-02
-2.2496e-02
-2.3285e-02
-2.4779e-02
-2.6879e-02
-2.8826e-02
-3.0215e-02
-2.9541e-02
-2.7899e-02
-2.8016e-02
-2.7412e-02
-2.3758e-02
-1.9170e-02
-1.6971e-02
-1.6500e-02
-1.4960e-02
-1.4131e-02
-1.3847e-02
-1.4622e-02
-1.5037e-02
-1.5548e-02
-1.8312e-02
-2.0710e-02
-2.1967e-02
-2.4431e-02
-2.6744e-02
-2.8066e-02
-2.9204e-02
-2.9988e-02
-3.1328e-02
-3.3105e-02
-3.4847e-02
-3.5365e-02
-3.5484e-02
-3.5766e-02
-3.5512e-02
-3.3833e-02
-3.1370e-02
-2.7618e-02
-2.2770e-02
-1.5788e-02
-7.5001e-03
-1.5657e-03
1.7351e-03
3.6447e-03
4.9462e-03
4.2459e-03
3.5245e-03
1.7199e-03
-2.1247e-03
-6.8420e-03
-1.1554e-02
-1.6882e-02
-2.0288e-02
-2.2450e-02
-2.4600e-02
-2.5000e-02
-2.4540e-02
-2.4560e-02
-2.4299e-02
-2.3571e-02
-2.2382e-02
-2.0198e-02
-1.8435e-02
-1.6248e-02
-1.3259e-02
-1.0915e-02
-9.1712e-03
-7.0446e-03
-5.6246e-03
-4.5496e-03
-3.1309e-03
-2.6165e-03
-1.1979e-03
4.7603e-04
5.6144e-04
1.4746e-03
3.4250e-03
3.9893e-03
5.9186e-03
8.7784e-03
1.1751e-02
1.6356e-02
2.1393e-02
2.3445e-02
2.5698e-02
2.7946e-02
3.0823e-02
3.3942e-02
3.6262e-02
3.7733e-02
3.9087e-02
3.9602e-02
4.0369e-02
4.1148e-02
4.1465e-02
4.2355e-02
4.3813e-02
4.4906e-02
4.4101e-02
4.3724e-02
4.4933e-02
4.6432e-02
4.5358e-02
4.2823e-02
4.1314e-02
4.0224e-02
3.9796e-02
3.8762e-02
3.7363e-02
3.6410e-02
3.5632e-02
3.4404e-02
3.3434e-02
3.2307e-02
3.1737e-02
3.0445e-02
2.8259e-02
2.6468e-02
2.5275e-02
2.3957e-02
2.2969e-02
2.1668e-02
1.9781e-02
1.9476e-02
1.8959e-02
1.7191e-02
1.5363e-02
1.2934e-02
1.0618e-02
8.3631e-03
4.6105e-03
1.5781e-04
-3.8817e-03
-7.2288e-03
-1.0762e-02
-1.3187e-02
-1.4912e-02
-1.6952e-02
-1.8898e-02
-2.0155e-02
-2.0467e-02
-2.1100e-02
-2.3047e-02
-2.4475e-02
-2.6238e-02
-2.8649e-02
-3.1091e-02
-3.2926e-02
-3.3267e-02
-3.3528e-02
-3.4428e-02
-3.3106e-02
-3.0183e-02
-2.7388e-02
-2.3839e-02
-1.8926e-02
-1.3771e-02
-9.1558e-03
-4.9166e-03
-5.8003e-04
1.7613e-03
1.1886e-03
2.4476e-04
-5.3845e-04
-3.1486e-03
-6.7997e-03
-1.1606e-02
-1.6782e-02
-2.0712e-02
-2.5225e-02
-3.0387e-02
-3.2295e-02
-3.4406e-02
-3.5628e-02
-3.7102e-02
-3.8791e-02
-3.9378e-02
-3.8896e-02
-3.7887e-02
-3.7969e-02
-3.8127e-02
-3.7251e-02
-3.7116e-02
-3.8006e-02
-3.9284e-02
-3.9176e-02
-3.8455e-02
-3.8842e-02
-3.8495e-02
-3.7941e-02
-3.8199e-02
-3.6698e-02
-3.3308e-02
-2.9062e-02
-2.5451e-02
-2.1841e-02
-1.7580e-02
-1.4467e-02
-1.2283e-02
-1.0775e-02
-8.9249e-03
-8.2670e-03
-8.6620e-03
-8.9399e-03
-8.7479e-03
-8.6534e-03
-8.0758e-03
-7.6048e-03
-6.6942e-03
-5.5929e-03
-4.5637e-03
-4.0336e-03
-2.6689e-03
-1.4938e-03
-8.3455e-04
-6.1369e-04
5.0357e-04
2.7803e-03
4.6096e-03
5.5596e-03
7.2573e-03
9.3155e-03
1.1113e-02
1.2648e-02
1.2931e-02
1.2980e-02
1.4162e-02
1.5854e-02
1.6432e-02
1.6824e-02
1.7712e-02
1.7627e-02
1.7067e-02
1.5872e-02
1.4989e-02
1.4282e-02
1.4364e-02
1.4461e-02
1.4370e-02
1.5168e-02
1.6743e-02
1.8267e-02
1.9569e-02
2.0451e-02
2.1383e-02
2.2465e-02
2.2736e-02
2.1739e-02
2.1260e-02
2.1566e-02
2.1086e-02
2.1215e-02
2.2457e-02
2.4739e-02
2.8325e-02
3.1660e-02
3.4921e-02
3.8857e-02
4.2882e-02
4.6305e-02
4.9239e-02
5.3168e-02
5.7611e-02
6.0854e-02
6.1480e-02
6.2054e-02
6.3530e-02
6.4817e-02
6.3463e-02
6.0170e-02
5.6661e-02
5.2176e-02
4.4941e-02
3.6790e-02
2.9545e-02
2.3800e-02
1.8497e-02
1.3764e-02
8.5478e-03
4.0490e-03
3.3551e-03
2.3995e-03
-4.5814e-04
-1.7758e-03
-2.3867e-03
-3.0449e-03
-4.2113e-03
-6.1554e-03
-8.4866e-03
-8.4328e-03
-8.4014e-03
-8.6596e-03
-8.8165e-03
-8.1467e-03
-4.5394e-03
-2.9917e-03
-2.0259e-03
2.9298e-04
4.4044e-03
7.3907e-03
9.5240e-03
1.1191e-02
1.2938e-02
1.2942e-02
9.5170e-03
5.4303e-03
4.5364e-04
-3.3580e-03
-7.8714e-03
-1.3218e-02
-1.7739e-02
-2.0895e-02
-2.1995e-02
-2.3511e-02
-2.6122e-02
-2.8032e-02
-2.8394e-02
-2.7637e-02
-2.6400e-02
-2.4709e-02
-2.3095e-02
-2.1666e-02
-1.8852e-02
-1.7822e-02
-1.8712e-02
-1.8809e-02
-1.8738e-02
-1.9416e-02
-2.0013e-02
-2.0945e-02
-2.2041e-02
-2.1770e-02
-2.0978e-02
-2.0313e-02
-1.9290e-02
-1.6811e-02
-1.4260e-02
-1.1519e-02
-8.7103e-03
-8.0444e-03
-7.5076e-03
-6.4851e-03
-6.4089e-03
-7.0460e-03
-8.8703e-03
-1.1082e-02
-1.3001e-02
-1.5437e-02
-1.8888e-02
-2.2708e-02
-2.5548e-02
-2.7498e-02
-2.9709e-02
-3.2068e-02
-3.3488e-02
-3.3386e-02
-3.3074e-02
-3.3489e-02
-3.3070e-02
-3.2994e-02
-3.1448e-02
-2.8766e-02
-2.7847e-02
-2.7082e-02
-2.4896e-02
-2.3378e-02
-2.3089e-02
-2.2494e-02
-2.1313e-02
-1.9872e-02
-1.9185e-02
-1.8310e-02
-1.6861e-02
-1.5764e-02
-1.5317e-02
-1.4892e-02
-1.4113e-02
-1.3663e-02
-1.4356e-02
-1.4260e-02
-1.2809e-02
-1.1092e-02
-9.1403e-03
-7.9626e-03
-6.6729e-03
-3.2801e-03
-1.2098e-03
1.9474e-03
3.2990e-03
5.0953e-03
8.3777e-03
1.0519e-02
1.1158e-02
1.2235e-02
1.3869e-02
1.5249e-02
1.5462e-02
1.5190e-02
1.4647e-02
1.4316e-02
1.3937e-02
1.3780e-02
1.3299e-02
1.2023e-02
1.1304e-02
1.1709e-02
1.2729e-02
1.3812e-02
1.4087e-02
1.4328e-02
1.5262e-02
1.5578e-02
1.5595e-02
1.5830e-02
1.5813e-02
1.4897e-02
1.3589e-02
1.0607e-02
1.0039e-02
9.5003e-03
7.2469e-03
5.6028e-03
5.4895e-03
6.5145e-03
8.5044e-03
1.0328e-02
1.2597e-02
1.5320e-02
1.7143e-02
1.8580e-02
2.1100e-02
2.3215e-02
2.4305e-02
2.4859e-02
2.5296e-02
2.6245e-02
2.7113e-02
2.6991e-02
2.7002e-02
2.7875e-02
2.7393e-02
2.5654e-02
2.4646e-02
2.3967e-02
2.2346e-02
1.9255e-02
1.4575e-02
1.2534e-02
9.8357e-03
7.4402e-03
5.0933e-03
2.2121e-03
-2.1599e-05
-5.7189e-04
-7.8661e-04
-8.7363e-04
-9.5961e-05
1.9558e-03
4.3958e-03
5.6499e-03
5.6143e-03
6.0800e-03
7.2250e-03
8.4884e-03
8.1250e-03
6.3639e-03
6.8480e-03
8.2325e-03
8.2785e-03
7.8164e-03
7.2384e-03
8.7190e-03
9.0598e-03
7.0828e-03
6.2404e-03
6.1087e-03
5.5715e-03
5.2121e-03
3.1693e-03
6.2510e-04
-1.7396e-04
-1.1822e-03
-2.7710e-03
-4.7032e-03
-6.5026e-03
-7.4622e-03
-8.3560e-03
-1.0642e-02
-1.3072e-02
-1.3951e-02
-1.4228e-02
-1.4703e-02
-1.4193e-02
-1.2666e-02
-9.3049e-03
-6.0687e-03
-3.7537e-03
-4.7790e-04
2.7413e-03
5.2050e-03
6.8330e-03
7.7331e-03
8.6240e-03
9.4084e-03
9.1503e-03
8.1841e-03
7.7155e-03
7.4048e-03
6.4860e-03
5.6778e-03
5.4644e-03
5.7802e-03
5.2247e-03
3.2320e-03
1.2576e-03
-3.6527e-04
-2.7240e-03
-5.4761e-03
-7.9691e-03
-1.0054e-02
-1.2452e-02
-1.5919e-02
-1.8819e-02
-1.9066e-02
-1.9855e-02
-2.1404e-02
-2.2232e-02
-2.2756e-02
-2.4068e-02
-2.5629e-02
-2.6736e-02
-2.7166e-02
-2.7329e-02
-2.7030e-02
-2.6255e-02
-2.5359e-02
-2.5001e-02
-2.4743e-02
-2.3360e-02
-2.1473e-02
-1.9870e-02
-1.8791e-02
-1.8295e-02
-1.8051e-02
-1.7712e-02
-1.8002e-02
-1.8411e-02
-1.8322e-02
-1.8517e-02
-1.9116e-02
-1.9617e-02
-1.9702e-02
-1.9710e-02
-1.9290e-02
-1.9443e-02
-1.9405e-02
-1.8607e-02
-1.8136e-02
-1.6908e-02
-1.5979e-02
-1.4538e-02
-1.1261e-02
-7.7760e-03
-4.3292e-03
-6.3484e-04
2.5027e-03
6.1734e-03
1.0642e-02
1.4907e-02
1.7098e-02
2.0607e-02
2.4392e-02
2.9420e-02
3.4113e-02
3.7251e-02
4.0231e-02
4.2767e-02
4.4766e-02
4.5991e-02
4.5345e-02
4.4825e-02
4.3560e-02
4.0146e-02
3.5899e-02
3.1508e-02
2.7520e-02
2.4243e-02
2.1597e-02
1.9786e-02
1.8243e-02
1.7829e-02
1.7965e-02
1.8992e-02
2.0519e-02
2.1777e-02
2.2968e-02
2.3377e-02
2.4047e-02
2.4915e-02
2.5043e-02
2.4024e-02
2.2141e-02
2.0674e-02
1.7645e-02
1.3854e-02
1.0761e-02
7.9022e-03
5.1383e-03
2.5256e-03
8.2778e-05
-1.8758e-03
-4.6345e-03
-6.9077e-03
-8.9728e-03
-1.1272e-02
-1.3915e-02
-1.6473e-02
-1.8819e-02
-2.1091e-02
-2.3298e-02
-2.4229e-02
-2.5211e-02
-2.5676e-02
-2.5662e-02
-2.5376e-02
-2.4156e-02
-2.2125e-02
-1.9248e-02
-1.5928e-02
-1.1812e-02
-9.6632e-03
-5.8030e-03
-2.5482e-03
-1.5818e-04
1.9081e-03
3.2045e-03
3.6993e-03
3.4373e-03
2.0724e-03
6.1230e-05
-2.2171e-03
-4.6705e-03
-7.2002e-03
-8.4112e-03
-8.1744e-03
-7.8271e-03
-7.2086e-03
-6.1031e-03
-4.6397e-03
-2.3049e-03
-2.7811e-04
1.6644e-03
3.9939e-03
5.8707e-03
6.4892e-03
7.0353e-03
7.4473e-03
7.3827e-03
7.8972e-03
8.1143e-03
8.0682e-03
8.3116e-03
9.0209e-03
9.8776e-03
1.0096e-02
1.0470e-02
1.0866e-02
1.1367e-02
1.3019e-02
1.3480e-02
1.3343e-02
1.3915e-02
1.4160e-02
1.4137e-02
1.4078e-02
1.3527e-02
1.2978e-02
1.1996e-02
9.9346e-03
8.0354e-03
5.5754e-03
3.0339e-03
9.1081e-04
-4.5805e-04
-1.4874e-03
-2.6048e-03
-3.4433e-03
-4.2752e-03
-4.6833e-03
-5.3006e-03
-5.4429e-03
-4.8125e-03
-4.7375e-03
-4.9047e-03
-5.2760e-03
-6.1473e-03
-6.7699e-03
-7.9795e-03
-1.0453e-02
-1.2327e-02
-1.4175e-02
-1.6607e-02
-1.9113e-02
-2.1469e-02
-2.3645e-02
-2.5047e-02
-2.6159e-02
-2.7394e-02
-2.8304e-02
-2.8041e-02
-2.7200e-02
-2.7390e-02
-2.8263e-02
-2.7488e-02
-2.5645e-02
-2.4462e-02
-2.3714e-02
-2.3349e-02
-2.2747e-02
-2.1904e-02
-2.1897e-02
-2.1793e-02
-2.0777e-02
-1.8977e-02
-1.6543e-02
-1.3766e-02
-1.0193e-02
-6.9424e-03
-4.1851e-03
-1.4107e-03
1.5046e-03
4.0512e-03
6.4084e-03
8.3471e-03
9.2684e-03
1.0208e-02
1.0840e-02
1.1236e-02
1.1095e-02
1.0680e-02
1.0383e-02
1.0034e-02
9.3878e-03
8.9245e-03
8.9731e-03
8.9849e-03
8.7019e-03
8.6150e-03
8.4399e-03
7.9344e-03
7.7356e-03
7.8080e-03
7.8251e-03
7.7632e-03
8.0184e-03
8.3790e-03
7.8183e-03
7.4708e-03
6.1980e-03
4.8713e-03
3.3945e-03
1.1807e-03
-1.3289e-04
-1.2793e-03
-2.3692e-03
-2.6245e-03
-2.6707e-03
-2.5338e-03
-2.0890e-03
-1.5113e-03
-1.5903e-03
-2.4761e-03
-2.6394e-03
-2.5565e-03
-3.2949e-03
-4.2505e-03
-5.6760e-03
-7.4002e-03
-8.8914e-03
-1.0709e-02
-1.2194e-02
-1.3147e-02
-1.3501e-02
-1.3835e-02
-1.3784e-02
-1.3445e-02
-1.3038e-02
-1.2386e-02
-1.1542e-02
-1.0494e-02
-9.3805e-03
-8.4540e-03
-7.0537e-03
-5.8876e-03
-4.7689e-03
-3.4304e-03
-2.3723e-03
-1.8959e-03
-2.1460e-03
-2.9502e-03
-3.8255e-03
-4.4810e-03
-5.0811e-03
-6.0288e-03
-6.2355e-03
-6.0895e-03
-6.2212e-03
-7.0478e-03
-7.8204e-03
-7.3809e-03
-6.6057e-03
-6.7032e-03
-6.8506e-03
-6.3190e-03
-4.8028e-03
-3.3143e-03
-1.7745e-03
-1.7803e-04
8.9859e-04
1.7567e-03
1.5961e-03
8.0241e-04
4.2203e-04
-2.3084e-04
-5.7834e-04
-1.0746e-03
-2.2078e-03
-3.0252e-03
-3.7557e-03
-4.4481e-03
-4.7508e-03
-5.3735e-03
-5.5262e-03
-5.7619e-03
-5.5421e-03
-4.5024e-03
-3.9602e-03
-2.6178e-03
4.8662e-05
2.1175e-03
4.3840e-03
7.0899e-03
9.6235e-03
1.0701e-02
1.3195e-02
1.5335e-02
1.6359e-02
1.7972e-02
1.9204e-02
2.0786e-02
2.2795e-02
2.4055e-02
2.5407e-02
2.6675e-02
2.7369e-02
2.7902e-02
2.8914e-02
2.9666e-02
2.9818e-02
2.9525e-02
2.8222e-02
2.6013e-02
2.2769e-02
1.9117e-02
1.5704e-02
1.2132e-02
9.0599e-03
6.0735e-03
3.2700e-03
1.3628e-03
8.0866e-04
7.3226e-04
1.1376e-03
2.4958e-03
3.3630e-03
5.4083e-03
7.7128e-03
9.8357e-03
1.2271e-02
1.4946e-02
1.6010e-02
1.6451e-02
1.6874e-02
1.7000e-02
1.6638e-02
1.5625e-02
1.4166e-02
1.2469e-02
1.0692e-02
8.2312e-03
5.3317e-03
3.2021e-03
9.5275e-04
-5.6216e-04
-1.9323e-03
-3.4512e-03
-4.4739e-03
-4.6582e-03
-4.3516e-03
-3.7660e-03
-2.7802e-03
-1.7576e-03
-5.4549e-04
7.2984e-04
1.6274e-03
2.0130e-03
2.7040e-03
3.0067e-03
2.7974e-03
2.7276e-03
2.2064e-03
1.4969e-03
9.1253e-04
1.4205e-03
2.0838e-03
2.6642e-03
3.7776e-03
5.1806e-03
6.0256e-03
6.4625e-03
7.8800e-03
9.3041e-03
9.3330e-03
9.1513e-03
9.5567e-03
9.9147e-03
1.0321e-02
1.1039e-02
1.2498e-02
1.3054e-02
1.2696e-02
1.3421e-02
1.5394e-02
1.5607e-02
1.3600e-02
1.2807e-02
1.2307e-02
1.1468e-02
8.3510e-03
4.7553e-03
2.7718e-03
1.1674e-03
-1.9296e-03
-4.9251e-03
-5.6031e-03
-6.4967e-03
-8.3670e-03
-9.4805e-03
-1.0145e-02
-1.0669e-02
-1.0695e-02
-1.1294e-02
-1.2654e-02
-1.3011e-02
-1.3237e-02
-1.3291e-02
-1.3436e-02
-1.3993e-02
-1.4755e-02
-1.5784e-02
-1.5377e-02
-1.4492e-02
-1.4035e-02
-1.4130e-02
-1.4193e-02
-1.3630e-02
-1.2911e-02
-1.2475e-02
-1.2687e-02
-1.2806e-02
-1.2669e-02
-1.2926e-02
-1.3521e-02
-1.3773e-02
-1.4331e-02
-1.4563e-02
-1.4801e-02
-1.5633e-02
-1.5984e-02
-1.6236e-02
-1.7399e-02
-1.7943e-02
-1.8230e-02
-1.9268e-02
-2.0953e-02
-2.1874e-02
-2.2621e-02
-2.3867e-02
-2.5178e-02
-2.5520e-02
-2.5011e-02
-2.4232e-02
-2.3586e-02
-2.2823e-02
-2.1068e-02
-1.9341e-02
-1.7840e-02
-1.5621e-02
-1.4323e-02
-1.3078e-02
-1.1901e-02
-1.1954e-02
-1.2201e-02
-1.2028e-02
-1.1330e-02
-1.0147e-02
-9.5415e-03
-9.6666e-03
-1.0294e-02
-9.6128e-03
-7.8083e-03
-5.6933e-03
-4.0454e-03
-4.0639e-03
-4.3100e-03
-2.2621e-03
-1.8063e-05
6.4391e-04
1.2954e-03
2.6036e-03
3.8027e-03
5.4702e-03
4.8332e-03
4.3553e-03
8.7632e-03
1.0612e-02
8.9159e-03
7.8221e-03
1.0420e-02
1.2992e-02
1.1634e-02
1.1253e-02
1.2458e-02
1.4694e-02
1.5840e-02
1.4504e-02
1.5228e-02
1.9166e-02
2.0307e-02
1.9382e-02
2.0872e-02
2.2560e-02
2.2801e-02
2.1859e-02
2.0572e-02
2.1423e-02
2.2097e-02
1.9857e-02
1.7377e-02
1.7413e-02
1.6310e-02
1.4619e-02
1.3287e-02
1.1785e-02
9.8660e-03
7.5641e-03
5.3042e-03
3.4734e-03
1.7190e-03
-1.6446e-04
-1.8505e-03
-3.7445e-03
-4.5605e-03
-4.7804e-03
-4.6593e-03
-4.7449e-03
-4.0751e-03
-2.8274e-03
-1.4283e-03
4.5505e-04
1.8173e-03
2.7939e-03
4.1719e-03
3.8547e-03
3.2466e-03
3.2006e-03
2.5899e-03
1.5014e-03
-2.1882e-04
-1.6245e-03
-2.5577e-03
-3.1499e-03
-4.4938e-03
-5.9429e-03
-5.7350e-03
-4.7439e-03
-4.2675e-03
-4.7900e-03
-3.9833e-03
-2.3407e-03
-1.8064e-03
-1.7472e-03
-1.8867e-03
-2.3434e-03
-1.5498e-03
-7.0223e-04
-1.1840e-03
-3.4956e-04
4.0195e-04
7.4938e-04
1.1060e-03
1.5535e-03
3.8646e-03
6.1403e-03
5.9679e-03
6.2245e-03
7.6275e-03
8.5567e-03
8.2264e-03
8.1119e-03
8.3580e-03
8.6791e-03
8.1987e-03
7.5078e-03
6.9681e-03
6.2101e-03
5.2677e-03
3.2908e-03
1.9299e-03
1.3350e-03
6.9834e-06
-1.2947e-03
-2.6175e-03
-3.1360e-03
-3.8442e-03
-4.4483e-03
-5.0406e-03
-5.8356e-03
-6.0989e-03
-6.3161e-03
-5.7620e-03
-4.6249e-03
-3.1837e-03
-2.0190e-03
-1.8913e-03
-8.8315e-04
1.9083e-04
1.9745e-04
-9.2261e-04
-2.1322e-03
-2.2941e-03
-3.3351e-03
-4.9408e-03
-6.0043e-03
-6.9625e-03
-7.7509e-03
-7.8667e-03
-8.0115e-03
-8.6406e-03
-8.3366e-03
-8.3156e-03
-8.6959e-03
-9.4923e-03
-1.0287e-02
-1.1316e-02
-1.1734e-02
-1.3499e-02
-1.5529e-02
-1.6927e-02
-1.7846e-02
-1.9078e-02
-2.0245e-02
-2.0919e-02
-2.1172e-02
-2.1371e-02
-2.1176e-02
-2.0715e-02
-2.1122e-02
-2.0343e-02
-1.9189e-02
-1.7773e-02
-1.5788e-02
-1.5293e-02
-1.3978e-02
-1.1504e-02
-1.0500e-02
-9.2363e-03
-8.0084e-03
-6.0934e-03
-3.6217e-03
-2.5411e-03
-1.2711e-03
6.5577e-04
1.5323e-03
3.0683e-03
4.3238e-03
4.8832e-03
5.8795e-03
7.7353e-03
8.2104e-03
8.0643e-03
8.5552e-03
9.3186e-03
9.8029e-03
9.7700e-03
9.8292e-03
1.0125e-02
1.0203e-02
1.0933e-02
1.2025e-02
1.3188e-02
1.4531e-02
1.5691e-02
1.6477e-02
1.6635e-02
1.7618e-02
1.9763e-02
2.0377e-02
1.9669e-02
1.9482e-02
2.0273e-02
2.0633e-02
1.9757e-02
2.0194e-02
2.0723e-02
2.0073e-02
1.7864e-02
1.6210e-02
1.6867e-02
1.6980e-02
1.4781e-02
1.3814e-02
1.4444e-02
1.4920e-02
1.3326e-02
1.2371e-02
1.3442e-02
1.4361e-02
1.3310e-02
1.1141e-02
1.0583e-02
1.0538e-02
8.7077e-03
6.3110e-03
6.2951e-03
5.8529e-03
4.7091e-03
4.1182e-03
3.8799e-03
4.4735e-03
4.7367e-03
4.4616e-03
4.3971e-03
4.0813e-03
3.5890e-03
2.6230e-03
1.2897e-03
-3.5285e-04
-4.5556e-04
-1.6427e-03
-4.1869e-03
-6.3098e-03
-7.2996e-03
-8.0880e-03
-1.0094e-02
-1.1694e-02
-1.1742e-02
-1.2560e-02
-1.3632e-02
-1.4984e-02
-1.5839e-02
-1.6521e-02
-1.6926e-02
-1.6816e-02
-1.7202e-02
-1.7066e-02
-1.5785e-02
-1.4256e-02
-1.4532e-02
-1.4555e-02
-1.1979e-02
-9.3746e-03
-7.9769e-03
-7.3083e-03
-6.3567e-03
-2.4992e-03
1.8188e-04
3.7087e-05
4.9117e-04
1.9692e-03
2.6023e-03
1.9060e-03
1.2769e-03
3.0326e-03
5.2793e-03
5.2701e-03
4.6910e-03
4.7765e-03
5.0621e-03
4.2922e-03
1.8560e-03
-1.0251e-03
-3.9917e-03
-7.8757e-03
-1.2315e-02
-1.3477e-02
-1.3234e-02
-1.4063e-02
-1.4211e-02
-1.3366e-02
-1.2429e-02
-1.2200e-02
-1.0548e-02
-7.6143e-03
-5.0597e-03
-3.8094e-03
-2.0681e-03
-8.5463e-04
1.4407e-03
4.4981e-03
6.7369e-03
7.3818e-03
8.8652e-03
1.0434e-02
1.0139e-02
8.6941e-03
8.5440e-03
9.1784e-03
9.3718e-03
8.7612e-03
7.1884e-03
6.1815e-03
6.1420e-03
5.0614e-03
3.4754e-03
3.1135e-03
3.6965e-03
4.0966e-03
3.2740e-03
1.6078e-03
6.6931e-04
-3.7441e-04
-2.1657e-03
-3.7017e-03
-3.4780e-03
-2.2909e-03
-1.3565e-03
5.6506e-04
1.9312e-03
3.0696e-03
4.5437e-03
5.6717e-03
5.1571e-03
4.8227e-03
5.7454e-03
5.3439e-03
3.3052e-03
2.8405e-03
3.5618e-03
3.2183e-03
1.9495e-03
2.6610e-04
-5.2890e-04
-1.3173e-03
-3.5521e-03
-5.9370e-03
-6.9848e-03
-6.6268e-03
-6.7124e-03
-7.1021e-03
-5.2161e-03
-2.6089e-03
-4.2800e-04
1.0039e-03
2.5254e-03
4.4601e-03
4.9365e-03
6.0315e-03
7.0437e-03
7.8531e-03
8.7020e-03
9.5864e-03
1.0714e-02
1.1363e-02
1.1382e-02
1.2633e-02
1.3893e-02
1.3340e-02
1.2619e-02
1.2719e-02
1.2766e-02
1.2789e-02
1.1870e-02
1.0938e-02
1.0404e-02
9.2034e-03
7.6055e-03
6.1960e-03
4.5744e-03
3.7505e-03
1.9316e-03
-8.2444e-04
-3.0028e-03
-3.8820e-03
-3.7754e-03
-3.3569e-03
-3.4359e-03
-3.5057e-03
-2.8437e-03
-2.1488e-03
-3.3637e-03
-4.2257e-03
-4.9181e-03
-6.0750e-03
-7.1832e-03
-8.1756e-03
-8.2402e-03
-8.0493e-03
-7.5901e-03
-7.0913e-03
-6.5714e-03
-6.3411e-03
-6.6991e-03
-7.3059e-03
-7.3138e-03
-7.2415e-03
-7.6706e-03
-8.0391e-03
-7.8825e-03
-6.4730e-03
-5.5346e-03
-5.6123e-03
-4.9595e-03
-5.0266e-03
-5.7716e-03
-6.2086e-03
-6.9535e-03
-7.5722e-03
-8.8225e-03
-1.0355e-02
-1.1126e-02
-1.1688e-02
-1.0197e-02
-9.2334e-03
-8.0067e-03
-6.3129e-03
-5.1204e-03
-4.7375e-03
-5.4653e-03
-6.5762e-03
-7.6357e-03
-7.7621e-03
-7.8753e-03
-9.0598e-03
-1.1078e-02
-1.4032e-02
-1.5922e-02
-1.8123e-02
-2.0317e-02
-2.0630e-02
-2.0403e-02
-1.9474e-02
-1.8371e-02
-1.6685e-02
-1.4259e-02
-1.2269e-02
-1.1036e-02
-1.0633e-02
-1.0536e-02
-1.0234e-02
-1.0008e-02
-9.6752e-03
-9.5370e-03
-8.9211e-03
-8.3091e-03
-7.1259e-03
-4.9214e-03
-2.5353e-03
-7.6633e-04
8.2525e-05
1.2236e-03
2.3173e-03
2.8859e-03
2.8595e-03
3.2386e-03
2.9819e-03
2.1948e-03
1.8644e-03
1.4788e-03
1.6669e-03
1.3774e-03
3.9546e-04
-8.7595e-05
-1.7977e-04
-2.2323e-04
-4.2335e-04
4.4098e-07
1.3199e-04
9.0325e-04
2.5721e-03
4.8056e-03
7.4654e-03
8.8079e-03
1.1270e-02
1.3295e-02
1.4275e-02
1.5108e-02
1.6264e-02
1.6989e-02
1.7454e-02
1.7289e-02
1.7336e-02
1.6766e-02
1.5881e-02
1.4803e-02
1.3710e-02
1.3964e-02
1.4399e-02
1.4216e-02
1.4674e-02
1.5342e-02
1.5209e-02
1.4572e-02
1.3933e-02
1.4408e-02
1.4835e-02
1.4133e-02
1.3515e-02
1.4198e-02
1.4698e-02
1.3934e-02
1.3041e-02
1.2890e-02
1.2071e-02
1.1667e-02
1.1110e-02
1.0276e-02
9.8442e-03
9.6520e-03
9.2334e-03
7.7330e-03
6.5787e-03
6.1285e-03
5.4823e-03
4.6991e-03
3.9647e-03
3.2789e-03
2.3747e-03
1.4876e-03
8.9134e-04
1.5557e-04
-7.6050e-04
-1.4081e-03
-1.6779e-03
-2.2176e-03
-2.6283e-03
-3.0205e-03
-3.0034e-03
-2.6837e-03
-2.6863e-03
-2.7338e-03
-3.1997e-03
-3.7670e-03
-4.6120e-03
-5.5886e-03
-6.8614e-03
-7.1905e-03
-7.1826e-03
-7.9960e-03
-8.6146e-03
-8.1501e-03
-7.3723e-03
-7.0788e-03
-6.5405e-03
-6.1115e-03
-5.4772e-03
-5.2706e-03
-5.8299e-03
-5.8142e-03
-6.3552e-03
-7.1791e-03
-8.5756e-03
-9.9550e-03
-1.0531e-02
-1.0507e-02
-1.0432e-02
-1.0153e-02
-9.5262e-03
-8.4693e-03
-6.9742e-03
-5.7660e-03
-4.3288e-03
-2.8903e-03
-2.5995e-03
-2.2428e-03
-1.4716e-03
-7.9116e-04
-1.0781e-03
-1.4651e-03
-1.2269e-03
-9.9661e-04
-8.5186e-04
-1.4718e-03
-2.1273e-03
-1.9128e-03
-2.0524e-03
-2.2472e-03
-1.7932e-03
-1.7261e-03
-1.1273e-03
-3.4889e-05
4.5204e-04
7.8499e-04
1.2653e-03
2.4051e-03
3.4369e-03
4.5214e-03
5.6677e-03
6.9009e-03
7.9920e-03
8.7303e-03
9.2107e-03
9.8687e-03
1.0320e-02
1.0386e-02
9.8279e-03
9.5410e-03
9.1053e-03
7.9747e-03
7.2863e-03
6.4650e-03
5.5674e-03
4.4275e-03
3.4575e-03
2.7020e-03
1.7162e-03
8.3297e-04
-5.1480e-04
-1.7784e-03
-1.9561e-03
-2.2233e-03
-2.2260e-03
-1.4693e-03
-1.0376e-03
-2.7428e-04
5.7722e-04
1.2353e-03
1.7656e-03
2.0946e-03
2.3947e-03
2.5118e-03
2.3999e-03
2.0353e-03
1.9839e-03
1.9655e-03
1.8417e-03
1.8614e-03
2.0088e-03
2.9367e-03
3.4657e-03
3.2393e-03
3.2129e-03
2.7680e-03
2.0665e-03
1.2175e-03
4.7520e-04
-4.7363e-05
-2.1586e-04
-3.8832e-04
-4.8576e-04
-3.9894e-04
9.0630e-05
6.1047e-04
1.0158e-03
1.5449e-03
1.6225e-03
1.2552e-03
9.7093e-04
4.9707e-04
3.7988e-04
6.7728e-04
2.7716e-04
9.8101e-05
6.6532e-04
8.6665e-04
1.3299e-03
1.5747e-03
2.0261e-03
2.9987e-03
3.3211e-03
3.4632e-03
3.7672e-03
4.3384e-03
4.8530e-03
4.9635e-03
5.6702e-03
5.9268e-03
5.5583e-03
5.1976e-03
4.8804e-03
4.1394e-03
3.4036e-03
2.5652e-03
1.6531e-03
8.0808e-04
5.0798e-04
1.1440e-04
-5.7791e-04
-1.6454e-03
-2.6825e-03
-3.1774e-03
-4.1975e-03
-6.1494e-03
-7.8407e-03
-8.7384e-03
-9.8966e-03
-1.0364e-02
-1.1004e-02
-1.1493e-02
-1.1100e-02
-1.0206e-02
-9.7443e-03
-9.6193e-03
-8.2901e-03
-6.7159e-03
-5.8631e-03
-5.1485e-03
-4.1654e-03
-3.1032e-03
-2.2886e-03
-1.3147e-03
4.3969e-04
1.7006e-03
2.4836e-03
3.5826e-03
4.1472e-03
4.7421e-03
5.4146e-03
5.6725e-03
5.9831e-03
6.2990e-03
6.7556e-03
6.3752e-03
6.0527e-03
6.0909e-03
6.0579e-03
6.1093e-03
5.0300e-03
2.9399e-03
2.0949e-03
1.8659e-03
1.2025e-03
-3.8087e-04
-2.5828e-03
-3.5740e-03
-4.3558e-03
-5.7233e-03
-7.2316e-03
-8.6097e-03
-8.3755e-03
-9.3403e-03
-9.1903e-03
-8.4678e-03
-8.6468e-03
-8.6008e-03
-7.0044e-03
-4.3892e-03
-4.1800e-03
-3.8681e-03
-2.3295e-03
-1.8715e-03
-1.3386e-03
-4.2911e-04
-7.7740e-08
-1.1728e-03
-8.8594e-04
4.3940e-04
2.1299e-04
-4.1881e-04
8.9465e-04
2.7412e-03
3.0215e-03
3.5334e-03
3.7401e-03
4.2744e-03
3.1478e-03
2.7661e-03
3.1069e-03
3.1174e-03
-1.6509e-04
-2.8620e-03
-2.5777e-03
-4.1492e-03
-6.5105e-03
-6.1420e-03
-3.5256e-03
-9.3013e-04
5.4128e-04
1.4218e-03
2.5049e-03
2.7958e-03
4.6804e-03
6.4138e-03
5.5465e-03
4.0776e-03
3.4484e-03
3.6866e-03
4.4487e-03
4.2723e-03
3.8537e-03
4.6552e-03
5.8450e-03
4.6367e-03
3.5364e-03
4.0207e-03
2.6348e-03
1.5687e-03
2.3540e-04
-2.8300e-03
-3.3736e-03
-2.8669e-03
-5.3716e-03
-6.9063e-03
-6.0034e-03
-7.5802e-03
-9.1623e-03
-8.3608e-03
-7.2566e-03
-8.2082e-03
-8.0569e-03
-6.0906e-03
-4.2151e-03
-4.1849e-03
-4.4179e-03
-3.2558e-03
-8.1696e-04
-1.5427e-05
-1.1644e-03
-3.5757e-03
-4.2614e-03
-5.4341e-03
-6.6160e-03
-8.0296e-03
-8.9523e-03
-8.6167e-03
-9.1090e-03
-1.1089e-02
-1.0566e-02
-1.0396e-02
-1.1841e-02
-1.3083e-02
-1.3866e-02
-1.2691e-02
-1.1958e-02
-1.1989e-02
-1.1696e-02
-1.1933e-02
-1.2446e-02
-1.1567e-02
-1.0376e-02
-9.9954e-03
-8.5306e-03
-7.8580e-03
-8.3714e-03
-7.1922e-03
-5.2206e-03
-4.3191e-03
-4.0546e-03
-4.1901e-03
-4.9298e-03
-5.4853e-03
-5.5301e-03
-6.6699e-03
-7.8545e-03
-7.7045e-03
-7.6756e-03
-7.5124e-03
-8.4245e-03
-9.5986e-03
-8.1207e-03
-6.4544e-03
-4.4948e-03
-2.5758e-03
-3.7925e-04
2.2044e-03
3.5560e-03
4.6760e-03
7.4833e-03
1.0150e-02
1.1333e-02
1.2279e-02
1.3882e-02
1.5766e-02
1.5987e-02
1.5264e-02
1.6062e-02
1.6346e-02
1.3961e-02
1.2400e-02
1.1451e-02
1.2925e-02
1.1469e-02
8.8941e-03
8.1333e-03
9.1283e-03
9.3309e-03
9.2862e-03
9.4652e-03
1.0131e-02
9.5375e-03
8.3095e-03
6.4209e-03
4.0649e-03
3.4213e-03
2.9856e-03
1.5523e-03
8.7176e-04
2.8078e-03
4.7951e-03
4.4937e-03
5.1201e-03
7.6958e-03
9.6990e-03
9.1673e-03
7.9959e-03
8.1340e-03
8.1314e-03
7.1877e-03
5.9663e-03
3.3813e-03
2.5942e-03
2.8245e-03
3.1154e-03
2.5389e-03
2.7165e-03
3.3285e-03
3.1271e-03
2.1966e-03
2.7585e-03
3.3916e-03
1.3107e-03
-7.1880e-04
2.7879e-04
1.9345e-03
-2.5162e-04
-5.0674e-03
-6.0165e-03
-3.9028e-03
-4.2844e-03
-7.1181e-03
-5.1058e-03
-2.5643e-03
-5.1861e-03
-7.7974e-03
-7.2999e-03
-6.3760e-03
-7.0249e-03
-9.5045e-03
-1.0128e-02
-8.7584e-03
-9.7600e-03
-1.1624e-02
-9.7206e-03
-7.8017e-03
-7.6740e-03
-6.8199e-03
-5.4656e-03
-5.6393e-03
-5.7631e-03
-5.4433e-03
-6.2646e-03
-6.1804e-03
-6.5858e-03
-6.4266e-03
-6.7319e-03
-7.3137e-03
-6.0358e-03
-4.0484e-03
-3.7470e-03
-4.5657e-03
-3.7378e-03
-2.8416e-03
-2.9074e-03
-2.6442e-03
-9.8981e-04
3.2631e-04
1.4388e-05
-2.9083e-05
7.9876e-04
1.1383e-03
1.4463e-03
1.4726e-03
2.3241e-03
3.0243e-03
3.0703e-03
3.2954e-03
5.1182e-03
5.7828e-03
6.0039e-03
7.2595e-03
8.3704e-03
7.2858e-03
6.5817e-03
6.5461e-03
7.1897e-03
7.5069e-03
6.7290e-03
4.8417e-03
3.0267e-03
1.7592e-03
5.6410e-04
3.8111e-04
6.0350e-04
1.4339e-03
3.8859e-03
8.1264e-03
1.3887e-02
2.0693e-02
2.6662e-02
2.9929e-02
3.1093e-02
3.2206e-02
2.9471e-02
2.4760e-02
1.9790e-02
1.2496e-02
4.6021e-03
-1.9366e-03
-6.6933e-03
-7.7871e-03
-5.9472e-03
-2.1660e-03
4.7766e-03
1.1993e-02
1.7596e-02
2.3074e-02
2.6676e-02
2.7383e-02
2.7416e-02
2.5106e-02
2.0792e-02
1.4869e-02
7.6542e-03
9.2599e-04
-4.8468e-03
-8.8492e-03
-9.4376e-03
-8.3268e-03
-6.4869e-03
-3.4414e-03
-1.4395e-03
1.0533e-03
3.3618e-03
4.6938e-03
3.6948e-03
1.7246e-03
-4.0446e-05
-1.3368e-03
-2.8570e-03
-5.2590e-03
-6.5094e-03
-9.5812e-03
-1.2941e-02
-1.4175e-02
-1.4034e-02
-1.3884e-02
-1.2924e-02
-1.1437e-02
-9.8065e-03
-9.2761e-03
-9.3564e-03
-9.2353e-03
-8.5194e-03
-7.9547e-03
-9.3604e-03
-1.1357e-02
-1.3314e-02
-1.5121e-02
-1.6529e-02
-1.8234e-02
-1.8146e-02
-1.7669e-02
-1.6739e-02
-1.5574e-02
-1.4211e-02
-1.3359e-02
-1.1909e-02
-1.1890e-02
-1.2818e-02
-1.2769e-02
-1.3359e-02
-1.3521e-02
-1.3546e-02
-1.2823e-02
-1.3251e-02
-1.3131e-02
-1.2088e-02
-1.2833e-02
-1.3691e-02
-1.3858e-02
-1.4437e-02
-1.4495e-02
-1.6514e-02
-1.8499e-02
-1.9471e-02
-2.1122e-02
-2.2162e-02
-2.1914e-02
-2.1230e-02
-1.9934e-02
-1.8154e-02
-1.6568e-02
-1.4216e-02
-1.2799e-02
-9.6663e-03
-6.4588e-03
-4.5925e-03
-2.9855e-03
-1.7127e-03
-1.2560e-03
-6.4660e-04
-2.8072e-04
-6.4920e-04
-1.2191e-03
-1.8929e-03
-2.8959e-03
-2.3997e-03
-2.1970e-03
-2.3194e-03
-1.8246e-03
-1.5495e-03
-7.8087e-04
-9.5852e-04
-1.2771e-03
-4.2813e-04
1.0880e-03
1.3250e-03
9.6302e-04
2.4793e-03
4.4219e-03
5.2761e-03
6.6448e-03
8.2532e-03
9.0613e-03
1.0478e-02
1.0825e-02
1.0597e-02
1.0357e-02
9.2747e-03
7.8493e-03
5.9133e-03
4.1154e-03
2.6900e-03
1.4423e-03
1.4146e-03
2.2635e-03
4.2061e-03
6.7147e-03
9.3246e-03
1.1355e-02
1.2884e-02
1.4891e-02
1.6702e-02
1.7948e-02
1.9529e-02
2.2231e-02
2.4359e-02
2.4744e-02
2.4605e-02
2.4124e-02
2.1554e-02
1.7289e-02
1.1740e-02
8.5118e-03
2.9589e-03
-7.8686e-04
-2.5348e-03
-2.3795e-03
-3.6799e-03
-1.8176e-03
4.7684e-03
8.6853e-03
1.3083e-02
1.8910e-02
2.2190e-02
2.4916e-02
2.7528e-02
2.6905e-02
2.6618e-02
2.5975e-02
2.3287e-02
2.1473e-02
1.9965e-02
1.6834e-02
1.6019e-02
1.5245e-02
1.1275e-02
9.5689e-03
9.6729e-03
8.9095e-03
8.9424e-03
9.2715e-03
8.9767e-03
9.6914e-03
1.0199e-02
1.0123e-02
1.1673e-02
1.5055e-02
1.7413e-02
1.9502e-02
2.1717e-02
2.2375e-02
2.1462e-02
2.2398e-02
2.2694e-02
2.0467e-02
1.9243e-02
1.7198e-02
1.4352e-02
1.2090e-02
9.7512e-03
7.2663e-03
5.9528e-03
3.9839e-03
-1.7119e-04
-2.6073e-03
-3.4971e-03
-6.1385e-03
-9.6290e-03
-1.3009e-02
-1.5034e-02
-1.7797e-02
-2.0577e-02
-2.1740e-02
-2.2329e-02
-2.2596e-02
-2.0853e-02
-2.0045e-02
-1.7769e-02
-1.5549e-02
-1.4911e-02
-1.3181e-02
-1.2896e-02
-1.3879e-02
-1.4196e-02
-1.5205e-02
-1.6737e-02
-1.8647e-02
-1.9042e-02
-1.9617e-02
-2.0752e-02
-2.0780e-02
-2.1153e-02
-2.1346e-02
-2.2070e-02
-2.3311e-02
-2.2698e-02
-2.2032e-02
-2.1341e-02
-2.1099e-02
-1.9991e-02
-1.8894e-02
-1.8414e-02
-1.6952e-02
-1.5939e-02
-1.3930e-02
-1.1470e-02
-9.2429e-03
-7.2738e-03
-6.4169e-03
-6.2774e-03
-5.6666e-03
-5.3717e-03
-5.6389e-03
-7.4354e-03
-8.9818e-03
-1.0340e-02
-1.1534e-02
-1.2267e-02
-1.2729e-02
-1.2797e-02
-1.1738e-02
-1.0091e-02
-9.2436e-03
-9.3277e-03
-8.0590e-03
-6.1071e-03
-5.3897e-03
-5.8846e-03
-5.6095e-03
-4.4196e-03
-3.7010e-03
-4.1853e-03
-4.5485e-03
-3.5113e-03
-3.0138e-03
-3.2467e-03
-3.6363e-03
-3.5099e-03
-2.7886e-03
-2.0409e-03
-2.8925e-03
-3.5544e-03
-2.5291e-03
-1.4551e-03
-1.7644e-03
-2.2315e-03
-1.2155e-03
6.0615e-04
5.7593e-04
-1.1631e-04
2.2064e-04
9.0905e-04
1.0907e-03
-6.4779e-05
-1.4730e-03
-1.3651e-03
-1.1176e-03
-1.4321e-03
-1.3137e-03
-4.7917e-04
8.6333e-04
2.4178e-03
2.9219e-03
2.6298e-03
3.1128e-03
5.1582e-03
6.0216e-03
4.8858e-03
4.4450e-03
4.5398e-03
4.9584e-03
5.3059e-03
5.1138e-03
5.1546e-03
4.5269e-03
4.8138e-03
4.5309e-03
4.6044e-03
4.7621e-03
5.2102e-03
6.7065e-03
8.1216e-03
9.0198e-03
1.0188e-02
1.1191e-02
1.1630e-02
1.2803e-02
1.3484e-02
1.3104e-02
1.3070e-02
1.3853e-02
1.3243e-02
1.1965e-02
1.2035e-02
1.2312e-02
1.1731e-02
9.7088e-03
9.2522e-03
9.3222e-03
8.1637e-03
8.3275e-03
9.2431e-03
9.7846e-03
1.0485e-02
1.2589e-02
1.4479e-02
1.5285e-02
1.6624e-02
1.7876e-02
1.8602e-02
1.8795e-02
1.7780e-02
1.7271e-02
1.6288e-02
1.4883e-02
1.4360e-02
1.2584e-02
1.1612e-02
1.1566e-02
9.8373e-03
7.7570e-03
6.5981e-03
4.8003e-03
2.9775e-03
6.8592e-04
-8.1308e-04
-2.5909e-03
-3.9469e-03
-5.6275e-03
-6.9164e-03
-8.2001e-03
-8.9370e-03
-8.0414e-03
-7.6826e-03
-7.9466e-03
-8.2536e-03
-6.8117e-03
-5.7629e-03
-6.5348e-03
-7.1898e-03
-7.4875e-03
-6.5679e-03
-6.1124e-03
-7.0982e-03
-8.3085e-03
-8.0240e-03
-6.9420e-03
-6.7811e-03
-8.1266e-03
-8.6725e-03
-7.2503e-03
-6.3280e-03
-6.0737e-03
-6.4244e-03
-6.0350e-03
-4.9890e-03
-5.1195e-03
-6.2854e-03
-6.7171e-03
-6.3843e-03
-6.6067e-03
-5.5418e-03
-4.2776e-03
-3.3020e-03
-1.9831e-03
-2.6050e-04
1.2527e-03
1.9733e-03
1.8432e-03
1.5653e-03
2.0554e-03
1.6413e-03
3.2971e-04
-3.4848e-04
-9.1651e-04
-1.5756e-03
-2.0811e-03
-3.6657e-03
-4.6459e-03
-4.6209e-03
-4.5534e-03
-5.5383e-03
-5.3906e-03
-5.0372e-03
-4.8818e-03
-4.4319e-03
-4.1002e-03
-3.8727e-03
-3.2128e-03
-2.7268e-03
-2.3801e-03
-1.3706e-03
-8.5307e-04
-9.4540e-05
1.3159e-03
1.2374e-03
1.5933e-03
1.9708e-03
2.0561e-03
1.9359e-03
9.2062e-04
2.0303e-04
4.9086e-04
-1.0133e-05
-9.5681e-04
-6.5992e-04
-4.4330e-04
-6.4571e-04
-1.3265e-03
-1.9352e-03
-2.8754e-03
-3.0920e-03
-2.7363e-03
-2.1397e-03
-1.5797e-03
-1.0796e-03
5.8562e-04
1.4072e-03
2.2768e-03
3.2112e-03
4.2462e-03
5.0715e-03
5.8550e-03
6.4858e-03
6.3745e-03
6.1286e-03
6.6440e-03
5.8831e-03
3.9904e-03
2.6565e-03
2.0856e-03
1.5775e-03
-1.6639e-04
-1.6054e-03
-1.8268e-03
-1.8502e-03
-2.1647e-03
-3.0902e-03
-3.7034e-03
-3.5870e-03
-3.2892e-03
-2.8513e-03
-2.1162e-03
-1.2690e-03
-3.9878e-04
-3.8955e-04
-3.5758e-04
6.1320e-04
1.2300e-03
2.3831e-03
3.0987e-03
3.6464e-03
4.4206e-03
4.3690e-03
3.8970e-03
3.4482e-03
3.1268e-03
3.2122e-03
2.7961e-03
1.7641e-03
1.3694e-03
1.1139e-03
2.2219e-04
-7.2971e-05
3.0701e-04
4.2449e-04
2.5753e-04
2.3925e-05
-8.4192e-04
-8.6556e-04
-8.8391e-04
-1.7868e-03
-2.2370e-03
-2.1529e-03
-2.6048e-03
-3.1922e-03
-3.5434e-03
-3.7561e-03
-3.6079e-03
-3.2872e-03
-3.0833e-03
-3.5567e-03
-3.0191e-03
-2.3138e-03
-2.3205e-03
-2.1847e-03
-2.2922e-03
-2.4010e-03
-1.9587e-03
-2.2662e-03
-2.6576e-03
-2.4011e-03
-1.6579e-03
-1.5953e-03
-1.7965e-03
-1.2414e-03
-4.8485e-04
-4.2239e-04
-3.5641e-04
-6.2494e-04
-5.9507e-04
-3.0570e-05
-3.3308e-04
-2.1082e-04
4.1251e-04
8.1416e-04
1.1781e-03
1.5766e-03
1.9970e-03
2.0422e-03
2.2948e-03
2.9455e-03
3.2653e-03
3.2321e-03
3.3157e-03
3.3192e-03
3.5008e-03
3.4628e-03
3.1957e-03
3.0721e-03
3.4289e-03
3.7837e-03
3.9008e-03
4.3863e-03
4.6821e-03
4.8875e-03
5.0373e-03
4.4918e-03
3.9614e-03
3.5091e-03
2.6364e-03
1.9420e-03
1.9719e-03
1.5619e-03
1.4404e-03
1.7136e-03
1.7331e-03
2.2922e-03
2.6790e-03
2.9662e-03
3.1840e-03
3.5499e-03
3.4400e-03
3.2703e-03
3.5077e-03
3.6585e-03
3.6103e-03
3.8765e-03
3.5551e-03
3.3992e-03
3.6184e-03
3.4603e-03
3.6312e-03
4.0231e-03
3.9236e-03
3.7951e-03
3.7323e-03
3.3188e-03
2.6882e-03
2.5846e-03
2.8682e-03
2.8532e-03
2.4521e-03
2.2572e-03
2.5130e-03
2.2279e-03
1.6548e-03
1.4511e-03
8.3222e-04
-3.5018e-06
-2.8228e-04
-7.0198e-04
-7.5722e-04
-8.4517e-04
-1.4490e-03
-1.7521e-03
-1.9495e-03
-2.3509e-03
-2.2781e-03
-2.5422e-03
-2.6336e-03
-2.4825e-03
-2.8924e-03
-3.2986e-03
-3.0474e-03
-2.9417e-03
-3.3326e-03
-3.1223e-03
-3.1007e-03
-3.6891e-03
-3.8121e-03
-3.6884e-03
-4.1575e-03
-3.9687e-03
-3.9103e-03
-4.2414e-03
-3.9675e-03
-4.0606e-03
-3.7267e-03
-3.0713e-03
-2.9200e-03
-2.9623e-03
-2.9044e-03
-2.8848e-03
-3.1428e-03
-2.9102e-03
-2.9157e-03
-2.9806e-03
-2.6530e-03
-2.6991e-03
-2.6712e-03
-2.3660e-03
-1.8232e-03
-1.2425e-03
-1.1897e-03
-7.6843e-04
-3.9658e-04
-5.9698e-04
-5.5093e-04
-4.9623e-04
-3.8179e-04
-4.3748e-04
-5.3812e-04
-4.4990e-04
-3.4712e-04
-3.7369e-04
-2.2706e-04
-1.3016e-05
1.0863e-04
8.0737e-05
3.0537e-04
3.3292e-04
1.0993e-04
1.8472e-04
2.8273e-04
1.5276e-04
1.6370e-04
8.7534e-05
-1.0281e-05
1.5277e-04
9.9678e-05
-1.9134e-04
-2.1326e-04
-2.3383e-04
-2.9685e-04
-2.5898e-04
-4.8360e-04
-6.4410e-04
-6.2113e-04
-8.4761e-04
-9.9187e-04
-8.8736e-04
-9.1366e-04
-1.0179e-03
-9.7854e-04
-1.0144e-03
-1.0226e-03
-9.1798e-04
-9.6855e-04
-9.4173e-04
-8.3036e-04
-7.9525e-04
-7.5819e-04
-6.4759e-04
-5.3494e-04
-4.8579e-04
-3.8380e-04
-3.7612e-04
-3.9601e-04
-2.8455e-04
-1.5177e-04
-1.1240e-04
-4.1922e-05
2.8661e-05
-4.1550e-06
1.9352e-05
-3.9581e-05
-7.5359e-05
-6.6340e-05
-1.1688e-04
-1.2002e-04
-1.4831e-04
-1.6500e-04
-1.6042e-04
-1.5506e-04
-1.2354e-04
-6.4352e-05
-3.1190e-05
-1.1059e-05
-6.3143e-07
3.0848e-05
4.0388e-05
4.1868e-05
8.7450e-05
1.9528e-04
2.4397e-04
2.4062e-04
2.4774e-04
2.9736e-04
3.1460e-04
3.2208e-04
3.5871e-04
3.5351e-04
3.6761e-04
3.7543e-04
3.7133e-04
3.7974e-04
3.7853e-04
3.7536e-04
3.2582e-04
2.5714e-04
1.9583e-04
1.3276e-04
6.1635e-05
2.2097e-05
2.7017e-06
-4.7791e-05
-8.8194e-05
-9.1106e-05
-1.0938e-04
-1.3367e-04
-1.3019e-04
-1.2372e-04
-1.1523e-04
-1.0054e-04
-8.2551e-05
-5.9921e-05
-1.1429e-05
1.6577e-05
3.2219e-05
8.9008e-05
1.4033e-04
1.4781e-04
1.7336e-04
1.9653e-04
2.0822e-04
2.1861e-04
2.2399e-04
2.2317e-04
2.0362e-04
1.7765e-04
1.7294e-04
1.8247e-04
1.6972e-04
1.6193e-04
1.6864e-04
1.8017e-04
1.9589e-04
1.9991e-04
2.0109e-04
2.0664e-04
2.0862e-04
2.0393e-04
1.9957e-04
1.9656e-04
1.9326e-04
1.7987e-04
1.6914e-04
1.6075e-04
1.5535e-04
1.5605e-04
1.4982e-04
1.4723e-04
1.4289e-04
1.4323e-04
1.4992e-04
1.4658e-04
1.4390e-04
1.4429e-04
1.4211e-04
1.3702e-04
1.3301e-04
1.3000e-04
1.2389e-04
1.1616e-04
1.0929e-04
1.0412e-04
9.9139e-05
9.6095e-05
9.5033e-05
9.1550e-05
8.8411e-05
8.5790e-05
7.9412e-05
7.2155e-05
6.6272e-05
6.0284e-05
5.4225e-05
4.8378e-05
4.2825e-05
3.7081e-05
3.0454e-05
2.3243e-05
1.5768e-05
9.0630e-06
2.1701e-06
-4.9104e-06
-1.1244e-05
-1.7131e-05
-2.2494e-05
-2.7699e-05
-3.2367e-05
-3.6506e-05
-4.0582e-05
-4.5219e-05
-5.0258e-05
-5.5254e-05
-6.0297e-05
-6.5289e-05
-7.0178e-05
-7.4900e-05
-7.9504e-05
-8.4180e-05
-8.8867e-05
-9.3483e-05
-9.8048e-05
-1.0257e-04
-1.0704e-04
-1.1150e-04
-1.1595e-04
-1.2037e-04
-1.2480e-04
-1.2920e-04
-1.3357e-04
-1.3792e-04
-1.4225e-04
-1.4656e-04
-1.5086e-04
-1.5516e-04
-1.5944e-04
-1.6371e-04
-1.6797e-04
-1.7223e-04
-1.7647e-04
-1.8070e-04
-1.8492e-04
