8.4851e-04
8.4744e-04
8.4639e-04
8.4533e-04
8.4428e-04
8.4322e-04
8.4215e-04
8.4108e-04
8.4002e-04
8.3895e-04
8.3791e-04
8.3686e-04
8.3581e-04
8.3468e-04
8.3352e-04
8.3230e-04
8.3118e-04
8.3007e-04
8.2922e-04
8.2838e-04
8.2733e-04
8.2588e-04
8.2415e-04
8.2273e-04
8.2217e-04
8.2146e-04
8.2059e-04
8.1967e-04
8.1912e-04
8.1837e-04
8.1787e-04
8.1762e-04
8.1746e-04
8.1728e-04
8.1488e-04
8.1007e-04
8.0750e-04
8.0817e-04
8.1070e-04
8.1000e-04
8.0358e-04
7.9484e-04
7.9403e-04
8.0868e-04
8.2301e-04
8.2081e-04
8.0366e-04
7.7642e-04
7.5819e-04
7.6655e-04
7.9683e-04
8.2434e-04
8.2779e-04
8.1323e-04
7.9987e-04
7.9223e-04
7.9746e-04
8.0920e-04
8.1580e-04
8.0927e-04
7.7828e-04
7.3666e-04
7.2599e-04
7.5254e-04
7.8265e-04
7.9258e-04
7.9059e-04
7.5240e-04
6.7052e-04
5.9060e-04
5.8415e-04
6.7903e-04
7.9402e-04
8.2683e-04
7.9950e-04
7.4467e-04
6.8377e-04
6.6463e-04
7.2302e-04
7.8193e-04
8.0813e-04
8.1354e-04
8.0187e-04
7.8440e-04
7.4474e-04
7.1256e-04
7.3993e-04
7.9529e-04
8.2260e-04
8.2554e-04
8.8578e-04
1.0857e-03
1.2707e-03
1.2691e-03
1.1526e-03
1.0761e-03
1.0576e-03
1.0407e-03
9.6186e-04
7.7599e-04
5.5601e-04
4.3626e-04
4.3255e-04
5.5356e-04
7.4973e-04
8.4850e-04
8.3935e-04
8.2142e-04
1.0063e-03
1.4053e-03
1.7029e-03
1.5668e-03
1.0815e-03
6.4089e-04
5.4795e-04
8.1287e-04
1.2617e-03
1.7132e-03
1.9231e-03
1.7268e-03
1.1798e-03
2.9153e-04
-6.2997e-04
-1.2259e-03
-1.2768e-03
-6.1285e-04
8.0870e-04
2.4424e-03
3.1510e-03
2.5110e-03
1.2734e-03
5.0921e-04
9.1574e-04
2.1038e-03
3.0436e-03
3.3076e-03
2.9913e-03
2.2552e-03
1.3726e-03
5.4890e-04
-1.4190e-04
-7.4626e-04
-1.3065e-03
-1.5788e-03
-1.1413e-03
1.5907e-04
2.0025e-03
4.0475e-03
6.0347e-03
6.9656e-03
6.5632e-03
5.4633e-03
4.2376e-03
3.1122e-03
2.5745e-03
3.0609e-03
4.1111e-03
4.5289e-03
3.6956e-03
2.2416e-03
1.2683e-03
9.7663e-04
8.1398e-04
4.0862e-04
-1.8121e-04
-4.0613e-04
-2.6749e-04
-3.4683e-04
-1.4465e-03
-3.0375e-03
-3.9996e-03
-3.8080e-03
-3.4666e-03
-4.3704e-03
-6.0012e-03
-6.2592e-03
-3.3105e-03
2.1396e-03
7.3820e-03
1.0262e-02
1.0501e-02
9.0784e-03
7.5746e-03
6.3771e-03
5.4053e-03
4.7614e-03
4.6384e-03
4.2964e-03
3.2860e-03
8.8444e-04
-2.1170e-03
-5.0968e-03
-6.8448e-03
-6.2388e-03
-4.1736e-03
-2.1481e-03
-2.2179e-03
-4.1826e-03
-6.5778e-03
-8.5300e-03
-8.8403e-03
-6.9735e-03
-3.9474e-03
-1.4342e-03
-1.0084e-03
-1.4154e-03
7.1730e-04
7.2571e-03
1.6497e-02
2.1284e-02
1.6652e-02
4.9951e-03
-6.0544e-03
-9.7170e-03
-5.3317e-03
2.6950e-03
9.6008e-03
1.1766e-02
7.7341e-03
-1.2467e-03
-1.1838e-02
-2.0879e-02
-2.6593e-02
-2.8738e-02
-2.6532e-02
-1.9248e-02
-6.6591e-03
6.6167e-03
1.4274e-02
1.3638e-02
6.3375e-03
-1.8769e-03
-5.7529e-03
-3.2161e-03
5.1187e-03
1.4892e-02
2.0417e-02
1.7818e-02
7.1563e-03
-5.1462e-03
-1.2664e-02
-1.3163e-02
-9.8451e-03
-7.2909e-03
-7.7944e-03
-1.0227e-02
-1.2676e-02
-1.2731e-02
-8.0093e-03
1.1587e-03
1.0540e-02
1.6087e-02
1.8261e-02
1.8200e-02
1.5364e-02
1.0714e-02
5.0683e-03
7.9734e-04
3.4212e-04
3.0758e-03
5.3258e-03
4.1777e-03
1.6414e-03
1.5567e-03
5.6671e-03
1.3176e-02
2.1409e-02
2.6635e-02
2.4865e-02
1.3651e-02
-2.8161e-03
-1.6009e-02
-2.1024e-02
-1.9777e-02
-1.8890e-02
-2.0078e-02
-2.0400e-02
-1.6660e-02
-7.5518e-03
3.9924e-03
1.4146e-02
2.0589e-02
2.4116e-02
2.5829e-02
2.5355e-02
2.3968e-02
2.5585e-02
3.3585e-02
4.6526e-02
5.8348e-02
6.1936e-02
5.5662e-02
4.1325e-02
2.5626e-02
1.1666e-02
-4.1597e-03
-2.5432e-02
-4.8948e-02
-6.4911e-02
-6.1889e-02
-3.6590e-02
-4.3516e-04
2.8643e-02
4.1142e-02
4.1250e-02
3.6486e-02
3.0146e-02
2.1595e-02
1.2144e-02
4.7211e-03
6.9869e-04
-3.5904e-04
1.8268e-03
7.6380e-03
1.6144e-02
2.4096e-02
2.8483e-02
2.8345e-02
2.2437e-02
9.7976e-03
-4.3518e-03
-1.1790e-02
-1.0757e-02
-5.7488e-03
-2.2324e-03
-2.7949e-03
-7.1330e-03
-1.2266e-02
-1.4914e-02
-1.2814e-02
-3.3021e-03
1.2285e-02
2.6805e-02
3.3785e-02
3.2963e-02
2.9287e-02
2.4988e-02
1.7281e-02
4.0373e-03
-1.2031e-02
-2.7249e-02
-4.0159e-02
-5.2280e-02
-6.3132e-02
-7.0760e-02
-7.3667e-02
-7.1135e-02
-6.4219e-02
-5.2430e-02
-3.6804e-02
-1.9738e-02
-3.4840e-03
1.2097e-02
2.6863e-02
3.7352e-02
3.6208e-02
2.0181e-02
-2.5837e-03
-1.8873e-02
-2.3518e-02
-2.1330e-02
-1.7979e-02
-1.5470e-02
-1.3993e-02
-1.5096e-02
-2.3604e-02
-4.5132e-02
-7.5538e-02
-1.0405e-01
-1.2031e-01
-1.2048e-01
-1.0880e-01
-9.0268e-02
-6.2207e-02
-2.3200e-02
1.3408e-02
3.1352e-02
2.7311e-02
1.1019e-02
-2.8499e-03
-4.2178e-03
7.9342e-03
2.7851e-02
4.8133e-02
6.2542e-02
7.0032e-02
7.0833e-02
6.3810e-02
4.9117e-02
3.4081e-02
2.6062e-02
2.6834e-02
2.9141e-02
2.0841e-02
-5.1178e-03
-4.6196e-02
-9.0824e-02
-1.2181e-01
-1.2969e-01
-1.1620e-01
-9.0231e-02
-6.2428e-02
-3.7014e-02
-8.5463e-03
2.6899e-02
6.0178e-02
7.6599e-02
6.7346e-02
3.4736e-02
-1.1546e-02
-5.7660e-02
-8.8171e-02
-9.7914e-02
-9.3933e-02
-8.5010e-02
-7.5294e-02
-6.4924e-02
-5.4644e-02
-4.4878e-02
-3.2771e-02
-1.4680e-02
9.8162e-03
3.3703e-02
4.6194e-02
4.5834e-02
4.2337e-02
4.6718e-02
6.0971e-02
7.7774e-02
8.7074e-02
8.2522e-02
6.6115e-02
4.9404e-02
4.2228e-02
4.5994e-02
5.3579e-02
5.6519e-02
5.0302e-02
3.6949e-02
2.3988e-02
1.7647e-02
1.7473e-02
1.7993e-02
1.6908e-02
1.6093e-02
1.5893e-02
1.1121e-02
-4.6178e-03
-3.2178e-02
-6.3252e-02
-8.5863e-02
-9.4142e-02
-8.4240e-02
-5.0331e-02
8.0649e-03
7.4157e-02
1.2924e-01
1.6058e-01
1.6877e-01
1.6283e-01
1.5031e-01
1.3284e-01
1.0747e-01
7.4801e-02
3.4565e-02
-2.1351e-02
-8.2577e-02
-1.2597e-01
-1.3737e-01
-1.2135e-01
-9.8064e-02
-8.3180e-02
-7.6979e-02
-7.0560e-02
-5.5836e-02
-3.4315e-02
-1.5926e-02
-8.6592e-03
-9.0533e-03
-9.3863e-03
-5.5578e-03
2.9000e-04
6.3874e-03
1.0148e-02
1.1632e-02
1.2924e-02
1.7121e-02
2.4085e-02
3.2082e-02
3.9083e-02
4.1298e-02
3.7233e-02
2.9823e-02
2.0020e-02
5.6731e-03
-1.2101e-02
-2.7997e-02
-3.2706e-02
-2.5879e-02
-1.5157e-02
-1.0745e-02
-1.7676e-02
-2.9205e-02
-3.6424e-02
-3.8616e-02
-3.9391e-02
-3.8668e-02
-3.5447e-02
-2.9142e-02
-1.8292e-02
-4.2358e-03
7.8841e-03
1.2970e-02
9.2247e-03
2.3848e-04
-9.6237e-03
-2.2460e-02
-4.4224e-02
-7.2047e-02
-9.7301e-02
-1.0597e-01
-9.3953e-02
-7.0387e-02
-4.9115e-02
-3.3013e-02
-1.6682e-02
3.3237e-03
2.2581e-02
3.6756e-02
4.5725e-02
5.0960e-02
5.3788e-02
5.1904e-02
4.1287e-02
2.3560e-02
2.7598e-03
-1.9518e-02
-4.0637e-02
-5.5443e-02
-5.8685e-02
-4.7245e-02
-2.1866e-02
1.1754e-02
4.7633e-02
7.6008e-02
9.2051e-02
9.3855e-02
7.8337e-02
4.9171e-02
1.4399e-02
-2.1951e-02
-5.5929e-02
-8.1811e-02
-9.3622e-02
-9.0809e-02
-8.1475e-02
-7.3003e-02
-6.5025e-02
-5.5625e-02
-4.5569e-02
-3.2684e-02
-1.1193e-02
2.2052e-02
6.3751e-02
1.0314e-01
1.3255e-01
1.4609e-01
1.4299e-01
1.3036e-01
1.1614e-01
1.0378e-01
9.1107e-02
7.4857e-02
5.2738e-02
2.9993e-02
1.6664e-02
2.0924e-02
4.0603e-02
6.2778e-02
7.1409e-02
6.0611e-02
3.4190e-02
2.7616e-04
-3.3679e-02
-6.0132e-02
-7.6371e-02
-8.4341e-02
-8.6866e-02
-8.6200e-02
-8.4961e-02
-8.2930e-02
-7.7444e-02
-6.7597e-02
-5.5382e-02
-4.4604e-02
-3.7170e-02
-3.2146e-02
-2.6269e-02
-1.5857e-02
-2.8392e-03
8.3378e-03
1.4178e-02
1.7187e-02
2.1738e-02
2.7411e-02
3.2547e-02
3.7610e-02
4.1053e-02
4.0967e-02
3.8622e-02
3.5453e-02
3.2337e-02
3.0034e-02
2.8371e-02
2.8989e-02
3.3598e-02
4.0703e-02
4.7713e-02
5.1922e-02
4.8016e-02
3.3121e-02
8.1790e-03
-2.5222e-02
-6.2632e-02
-9.7154e-02
-1.2144e-01
-1.3176e-01
-1.2770e-01
-1.1359e-01
-9.6207e-02
-8.1316e-02
-7.4163e-02
-7.5249e-02
-7.9623e-02
-8.1995e-02
-7.9516e-02
-6.8849e-02
-4.7918e-02
-2.1092e-02
3.2754e-03
1.7158e-02
1.4677e-02
-2.4148e-03
-2.4029e-02
-3.7201e-02
-3.7151e-02
-2.9841e-02
-2.2532e-02
-2.0134e-02
-2.3822e-02
-3.1266e-02
-3.7986e-02
-3.9434e-02
-3.5198e-02
-2.8711e-02
-2.4026e-02
-2.4448e-02
-2.9885e-02
-3.7544e-02
-4.3698e-02
-4.6583e-02
-4.8521e-02
-5.2262e-02
-5.9036e-02
-7.0589e-02
-8.6583e-02
-1.0490e-01
-1.2363e-01
-1.3986e-01
-1.5053e-01
-1.5612e-01
-1.5817e-01
-1.5965e-01
-1.6388e-01
-1.7238e-01
-1.8383e-01
-1.9619e-01
-2.0829e-01
-2.1760e-01
-2.2377e-01
-2.2813e-01
-2.3170e-01
-2.3256e-01
-2.2712e-01
-2.1287e-01
-1.9208e-01
-1.6985e-01
-1.4828e-01
-1.2635e-01
-1.0294e-01
-7.8038e-02
-4.8119e-02
-8.4396e-03
4.1026e-02
9.4898e-02
1.4720e-01
1.9464e-01
2.3342e-01
2.5843e-01
2.6979e-01
2.7109e-01
2.6492e-01
2.5317e-01
2.3558e-01
2.1333e-01
1.9108e-01
1.7226e-01
1.5900e-01
1.5259e-01
1.5218e-01
1.5365e-01
1.5053e-01
1.3847e-01
1.1681e-01
8.6588e-02
4.8863e-02
8.7158e-03
-2.8809e-02
-6.0724e-02
-8.3294e-02
-9.5019e-02
-9.5353e-02
-8.7298e-02
-7.5802e-02
-6.3754e-02
-5.1894e-02
-3.8380e-02
-1.8312e-02
1.4336e-02
5.5136e-02
9.7203e-02
1.3682e-01
1.7138e-01
1.9993e-01
2.2183e-01
2.3766e-01
2.4482e-01
2.3909e-01
2.1979e-01
1.9075e-01
1.5685e-01
1.2431e-01
9.8762e-02
8.7807e-02
1.0074e-01
1.4355e-01
2.1000e-01
2.7395e-01
3.0846e-01
3.0340e-01
2.6505e-01
2.1284e-01
1.6431e-01
1.2916e-01
1.0794e-01
9.2907e-02
7.7840e-02
6.2631e-02
4.9260e-02
3.9675e-02
3.5726e-02
3.7037e-02
4.0214e-02
4.3234e-02
4.6398e-02
4.9688e-02
5.3225e-02
5.5108e-02
5.2146e-02
4.3540e-02
3.1224e-02
1.9005e-02
1.1677e-02
1.2658e-02
2.3732e-02
4.2066e-02
6.1217e-02
7.7463e-02
9.3903e-02
1.1376e-01
1.3583e-01
1.5753e-01
1.7598e-01
1.8854e-01
1.9551e-01
1.9845e-01
2.0081e-01
2.0908e-01
2.2554e-01
2.4557e-01
2.6090e-01
2.6461e-01
2.5696e-01
2.4485e-01
2.3469e-01
2.2715e-01
2.1574e-01
1.9184e-01
1.5261e-01
1.0275e-01
5.2557e-02
1.0916e-02
-2.1936e-02
-4.9843e-02
-7.3654e-02
-9.2892e-02
-1.0714e-01
-1.1573e-01
-1.2077e-01
-1.2545e-01
-1.3305e-01
-1.4196e-01
-1.5030e-01
-1.5628e-01
-1.5765e-01
-1.5361e-01
-1.4654e-01
-1.4025e-01
-1.3534e-01
-1.3310e-01
-1.3503e-01
-1.4064e-01
-1.4899e-01
-1.6256e-01
-1.8401e-01
-2.1536e-01
-2.5491e-01
-2.9324e-01
-3.2411e-01
-3.4849e-01
-3.6474e-01
-3.7489e-01
-3.8488e-01
-3.9672e-01
-4.0775e-01
-4.1458e-01
-4.1503e-01
-4.1150e-01
-4.0843e-01
-4.0805e-01
-4.1020e-01
-4.1307e-01
-4.1492e-01
-4.1480e-01
-4.1420e-01
-4.1499e-01
-4.1934e-01
-4.2623e-01
-4.3269e-01
-4.3794e-01
-4.4256e-01
-4.4593e-01
-4.4712e-01
-4.4756e-01
-4.4944e-01
-4.5193e-01
-4.5023e-01
-4.3193e-01
-3.7859e-01
-2.8294e-01
-1.6395e-01
-4.5354e-02
7.3347e-02
1.7289e-01
2.4437e-01
2.9735e-01
3.3971e-01
3.7722e-01
4.0802e-01
4.3301e-01
4.5728e-01
4.8677e-01
5.2045e-01
5.5005e-01
5.6897e-01
5.7756e-01
5.8039e-01
5.8259e-01
5.8581e-01
5.8863e-01
5.8695e-01
5.7697e-01
5.5696e-01
5.2936e-01
4.9778e-01
4.5896e-01
4.0779e-01
3.5076e-01
2.9322e-01
2.3347e-01
1.8027e-01
1.3057e-01
8.6406e-02
5.8247e-02
3.2595e-02
-8.6285e-04
-3.8898e-02
-7.3662e-02
-9.7530e-02
-1.0868e-01
-1.0850e-01
-9.3870e-02
-6.0572e-02
-1.1243e-02
4.1573e-02
8.2923e-02
1.0394e-01
1.0570e-01
9.3863e-02
7.2371e-02
4.2531e-02
4.6195e-03
-4.0482e-02
-8.8835e-02
-1.3151e-01
-1.6326e-01
-1.8659e-01
-2.0710e-01
-2.3073e-01
-2.5900e-01
-2.8609e-01
-3.0669e-01
-3.2465e-01
-3.4500e-01
-3.6874e-01
-3.9515e-01
-4.2152e-01
-4.4282e-01
-4.5534e-01
-4.5822e-01
-4.5343e-01
-4.4654e-01
-4.4655e-01
-4.5108e-01
-4.5214e-01
-4.4700e-01
-4.4044e-01
-4.3797e-01
-4.3937e-01
-4.3986e-01
-4.3259e-01
-4.0361e-01
-3.3194e-01
-1.9894e-01
-1.9548e-02
1.4688e-01
2.5208e-01
2.9858e-01
3.1561e-01
3.3542e-01
3.7516e-01
4.2175e-01
4.5506e-01
4.6826e-01
4.6131e-01
4.2983e-01
3.6493e-01
2.6099e-01
1.3297e-01
2.8371e-02
-3.1061e-02
-5.2203e-02
-4.6792e-02
-2.7038e-02
-1.9211e-03
2.0074e-02
3.4261e-02
3.8610e-02
3.1936e-02
1.5927e-02
-5.5389e-03
-2.9523e-02
-5.2238e-02
-6.8152e-02
-7.4749e-02
-7.1746e-02
-6.0818e-02
-4.3584e-02
-2.5254e-02
-1.0293e-02
-1.6349e-03
1.0560e-03
4.3531e-04
-3.5174e-04
3.3235e-03
1.6646e-02
4.5285e-02
9.1052e-02
1.4854e-01
2.1049e-01
2.6828e-01
3.1304e-01
3.4329e-01
3.6553e-01
3.8125e-01
3.9120e-01
3.9688e-01
3.9730e-01
3.9247e-01
3.8414e-01
3.7709e-01
3.7911e-01
3.9529e-01
4.2727e-01
4.6976e-01
5.0996e-01
5.3840e-01
5.5246e-01
5.5682e-01
5.5881e-01
5.5860e-01
5.5285e-01
5.3583e-01
5.0396e-01
4.5718e-01
4.0125e-01
3.4149e-01
2.8107e-01
2.2625e-01
1.7888e-01
1.3085e-01
7.8670e-02
2.9482e-02
-9.8179e-03
-3.9988e-02
-6.7516e-02
-9.9375e-02
-1.3273e-01
-1.6357e-01
-1.9424e-01
-2.2676e-01
-2.5963e-01
-2.9113e-01
-3.2165e-01
-3.4839e-01
-3.6877e-01
-3.8431e-01
-3.9547e-01
-4.0147e-01
-4.0147e-01
-3.9509e-01
-3.7950e-01
-3.5318e-01
-3.1936e-01
-2.8611e-01
-2.5831e-01
-2.3705e-01
-2.1913e-01
-2.0049e-01
-1.7660e-01
-1.4734e-01
-1.1334e-01
-7.3240e-02
-2.8536e-02
9.3935e-03
3.2031e-02
3.9910e-02
3.5865e-02
2.4416e-02
1.1108e-02
4.8974e-03
1.1915e-02
3.2829e-02
6.2753e-02
9.8724e-02
1.3732e-01
1.7223e-01
1.9690e-01
2.0954e-01
2.1027e-01
1.9962e-01
1.8134e-01
1.6017e-01
1.3779e-01
1.1470e-01
8.7056e-02
5.7438e-02
2.8296e-02
-2.0123e-03
-3.3045e-02
-6.3452e-02
-9.3313e-02
-1.2528e-01
-1.5624e-01
-1.8164e-01
-1.9882e-01
-2.0651e-01
-2.0316e-01
-1.8942e-01
-1.6770e-01
-1.4269e-01
-1.2039e-01
-1.0232e-01
-8.7118e-02
-7.3921e-02
-6.2988e-02
-5.2228e-02
-3.8315e-02
-1.8936e-02
3.3874e-03
2.5432e-02
4.0723e-02
4.8272e-02
5.1184e-02
5.2449e-02
5.3209e-02
5.2434e-02
5.0696e-02
4.9560e-02
5.0185e-02
5.2118e-02
5.4775e-02
5.6558e-02
5.6113e-02
5.5890e-02
5.6161e-02
5.5527e-02
5.4649e-02
5.5172e-02
6.1324e-02
7.9324e-02
1.1108e-01
1.5127e-01
1.8816e-01
2.1184e-01
2.1866e-01
2.1223e-01
2.0090e-01
1.8863e-01
1.7721e-01
1.6613e-01
1.4907e-01
1.2061e-01
7.6644e-02
2.1326e-02
-3.8951e-02
-9.8504e-02
-1.5414e-01
-2.0382e-01
-2.3719e-01
-2.5764e-01
-2.7653e-01
-2.9719e-01
-3.1430e-01
-3.2328e-01
-3.2667e-01
-3.2836e-01
-3.2913e-01
-3.2837e-01
-3.2534e-01
-3.1880e-01
-3.0858e-01
-2.9463e-01
-2.7705e-01
-2.5783e-01
-2.3947e-01
-2.2188e-01
-2.0190e-01
-1.7956e-01
-1.6028e-01
-1.4779e-01
-1.4028e-01
-1.3323e-01
-1.2638e-01
-1.2398e-01
-1.2777e-01
-1.3356e-01
-1.3425e-01
-1.2826e-01
-1.1988e-01
-1.1326e-01
-1.0994e-01
-1.0850e-01
-1.0793e-01
-1.0769e-01
-1.0784e-01
-1.0794e-01
-1.0493e-01
-9.6246e-02
-8.1138e-02
-5.9679e-02
-3.4601e-02
-8.8896e-03
1.6089e-02
4.2668e-02
7.2243e-02
1.0026e-01
1.1896e-01
1.2467e-01
1.1963e-01
1.0812e-01
8.9694e-02
6.1955e-02
2.2578e-02
-2.4999e-02
-7.3318e-02
-1.1471e-01
-1.4458e-01
-1.6177e-01
-1.6670e-01
-1.6097e-01
-1.4660e-01
-1.2559e-01
-1.0118e-01
-7.7331e-02
-5.6072e-02
-3.9672e-02
-2.8944e-02
-2.4903e-02
-2.9208e-02
-4.2889e-02
-6.5207e-02
-9.2218e-02
-1.1744e-01
-1.3602e-01
-1.4658e-01
-1.5016e-01
-1.4874e-01
-1.4438e-01
-1.3640e-01
-1.2421e-01
-1.0963e-01
-9.5069e-02
-8.1729e-02
-6.9031e-02
-5.6016e-02
-4.2667e-02
-2.9637e-02
-1.6494e-02
-9.8303e-04
1.8284e-02
4.0378e-02
6.3705e-02
8.7622e-02
1.1178e-01
1.3604e-01
1.5969e-01
1.8288e-01
2.0569e-01
2.2371e-01
2.3400e-01
2.3913e-01
2.4307e-01
2.4691e-01
2.4661e-01
2.3821e-01
2.2012e-01
1.9160e-01
1.5413e-01
1.1490e-01
8.2927e-02
6.3789e-02
5.7448e-02
5.9551e-02
6.5397e-02
7.1926e-02
7.8242e-02
8.3223e-02
8.4261e-02
7.7365e-02
6.0684e-02
3.5931e-02
7.2942e-03
-2.0752e-02
-4.4033e-02
-5.9136e-02
-6.5577e-02
-6.7087e-02
-6.7531e-02
-7.1579e-02
-7.8797e-02
-8.7551e-02
-9.8244e-02
-1.1103e-01
-1.2441e-01
-1.3585e-01
-1.4549e-01
-1.5138e-01
-1.5289e-01
-1.5085e-01
-1.4593e-01
-1.3735e-01
-1.2470e-01
-1.0898e-01
-9.4584e-02
-8.2530e-02
-7.1227e-02
-5.8999e-02
-4.5461e-02
-3.3985e-02
-2.7482e-02
-2.4138e-02
-2.3163e-02
-2.4739e-02
-2.6399e-02
-2.5248e-02
-2.2040e-02
-1.9074e-02
-1.6696e-02
-1.5156e-02
-1.3805e-02
-1.2302e-02
-9.2364e-03
-9.1713e-04
1.2733e-02
3.1003e-02
5.1083e-02
7.0029e-02
8.8975e-02
1.0959e-01
1.3108e-01
1.5215e-01
1.7174e-01
1.8755e-01
1.9892e-01
2.0750e-01
2.1294e-01
2.1615e-01
2.1791e-01
2.1845e-01
2.1797e-01
2.1670e-01
2.1632e-01
2.1709e-01
2.1903e-01
2.2163e-01
2.2498e-01
2.3031e-01
2.3859e-01
2.5243e-01
2.7313e-01
3.0062e-01
3.2649e-01
3.4268e-01
3.5486e-01
3.6907e-01
3.8429e-01
3.9908e-01
4.1228e-01
4.2221e-01
4.2822e-01
4.3165e-01
4.2982e-01
4.2057e-01
3.9687e-01
3.6093e-01
3.1089e-01
2.3820e-01
1.5432e-01
8.0707e-02
2.8732e-02
-4.7417e-03
-2.6890e-02
-4.2696e-02
-5.5027e-02
-6.5970e-02
-7.6924e-02
-8.7801e-02
-9.6629e-02
-1.0219e-01
-1.0597e-01
-1.1024e-01
-1.1643e-01
-1.2534e-01
-1.3545e-01
-1.4417e-01
-1.5050e-01
-1.5499e-01
-1.5816e-01
-1.6019e-01
-1.6020e-01
-1.5729e-01
-1.5220e-01
-1.4612e-01
-1.3871e-01
-1.2960e-01
-1.1911e-01
-1.0769e-01
-9.5588e-02
-8.3347e-02
-7.2491e-02
-6.3756e-02
-5.5784e-02
-4.7047e-02
-3.7034e-02
-2.7728e-02
-1.9411e-02
-1.0292e-02
5.4378e-05
9.0153e-03
1.2904e-02
1.0505e-02
3.5498e-03
-5.6930e-03
-1.6890e-02
-3.0697e-02
-4.6632e-02
-6.3600e-02
-7.9735e-02
-9.3451e-02
-1.0455e-01
-1.1429e-01
-1.2389e-01
-1.3227e-01
-1.3757e-01
-1.4068e-01
-1.4408e-01
-1.4776e-01
-1.5031e-01
-1.5019e-01
-1.4701e-01
-1.4101e-01
-1.3189e-01
-1.1920e-01
-1.0241e-01
-8.1596e-02
-5.9809e-02
-4.1811e-02
-3.0487e-02
-2.5053e-02
-2.2172e-02
-1.9484e-02
-1.7137e-02
-1.5246e-02
-1.2498e-02
-7.7987e-03
-5.4956e-04
9.0293e-03
1.9468e-02
3.0255e-02
4.2377e-02
5.6797e-02
7.1555e-02
8.2554e-02
8.7067e-02
8.4727e-02
7.8161e-02
6.9174e-02
5.7393e-02
4.3772e-02
3.0990e-02
2.1409e-02
1.5722e-02
1.1467e-02
4.9217e-03
-6.4788e-03
-2.2360e-02
-3.9167e-02
-5.3597e-02
-6.4602e-02
-7.2134e-02
-7.5619e-02
-7.4532e-02
-6.9639e-02
-6.1861e-02
-5.2245e-02
-4.1998e-02
-3.1185e-02
-2.0679e-02
-1.1961e-02
-5.1010e-03
1.7883e-03
1.0236e-02
1.9742e-02
2.8447e-02
3.5556e-02
4.1875e-02
4.8217e-02
5.3775e-02
5.5981e-02
5.2688e-02
4.5026e-02
3.5672e-02
2.9148e-02
2.6957e-02
2.7345e-02
2.9209e-02
3.2326e-02
3.6507e-02
4.0737e-02
4.5617e-02
5.1315e-02
5.8481e-02
6.7236e-02
7.7839e-02
9.0288e-02
1.0483e-01
1.1760e-01
1.2428e-01
1.2330e-01
1.1709e-01
1.0702e-01
9.2805e-02
7.3429e-02
4.9160e-02
2.4063e-02
9.7180e-04
-1.7847e-02
-3.0549e-02
-3.7493e-02
-3.9934e-02
-3.7285e-02
-2.9160e-02
-1.6038e-02
1.0682e-03
2.0787e-02
4.1791e-02
6.0359e-02
7.3816e-02
8.2967e-02
9.0404e-02
9.7547e-02
1.0248e-01
1.0014e-01
8.5292e-02
5.8525e-02
2.5826e-02
-3.8112e-03
-2.1854e-02
-2.6771e-02
-2.3250e-02
-1.9283e-02
-2.0072e-02
-2.4684e-02
-3.0957e-02
-3.7475e-02
-4.3310e-02
-4.7612e-02
-5.0256e-02
-5.2072e-02
-5.4056e-02
-5.7629e-02
-6.3280e-02
-7.0383e-02
-7.7555e-02
-8.2758e-02
-8.5602e-02
-8.6508e-02
-8.5243e-02
-8.1698e-02
-7.7983e-02
-7.7941e-02
-8.4000e-02
-9.6248e-02
-1.1321e-01
-1.3083e-01
-1.4388e-01
-1.4989e-01
-1.5020e-01
-1.4689e-01
-1.4074e-01
-1.3080e-01
-1.1545e-01
-9.4415e-02
-7.0558e-02
-4.7932e-02
-2.9327e-02
-1.5178e-02
-3.0238e-03
1.0816e-02
2.7947e-02
4.7062e-02
6.4488e-02
7.5577e-02
7.7056e-02
6.7958e-02
4.8650e-02
2.2468e-02
-4.3558e-03
-2.5938e-02
-3.8690e-02
-4.1708e-02
-3.6577e-02
-2.6238e-02
-1.5186e-02
-7.9495e-03
-7.2397e-03
-1.3001e-02
-2.2212e-02
-3.0224e-02
-3.5128e-02
-3.7298e-02
-3.7619e-02
-3.7509e-02
-3.7847e-02
-3.8602e-02
-3.9495e-02
-4.0399e-02
-4.0606e-02
-3.9541e-02
-3.7910e-02
-3.7267e-02
-3.8636e-02
-4.1633e-02
-4.6025e-02
-5.2792e-02
-6.1381e-02
-6.9427e-02
-7.5327e-02
-7.8184e-02
-7.8576e-02
-7.7642e-02
-7.5216e-02
-7.1531e-02
-6.6883e-02
-6.0309e-02
-5.1307e-02
-4.1427e-02
-3.4298e-02
-3.2961e-02
-3.6859e-02
-4.4424e-02
-5.4563e-02
-6.5783e-02
-7.5142e-02
-8.1156e-02
-8.4316e-02
-8.4106e-02
-7.9676e-02
-6.9954e-02
-5.4049e-02
-3.4247e-02
-1.6933e-02
-8.5998e-03
-1.1837e-02
-2.5671e-02
-4.5808e-02
-6.7302e-02
-8.5303e-02
-9.5933e-02
-9.9011e-02
-9.7261e-02
-9.4512e-02
-9.2306e-02
-8.8847e-02
-8.1520e-02
-6.8209e-02
-4.8422e-02
-2.4680e-02
-1.2325e-03
1.9372e-02
3.7271e-02
5.2345e-02
6.4112e-02
7.2224e-02
7.5437e-02
7.2918e-02
6.5501e-02
5.4837e-02
4.3935e-02
3.4147e-02
2.4657e-02
1.5811e-02
7.8319e-03
-1.7495e-04
-1.0653e-02
-2.3751e-02
-3.4957e-02
-4.1469e-02
-4.4281e-02
-4.4847e-02
-4.3361e-02
-4.0350e-02
-3.7317e-02
-3.5317e-02
-3.3157e-02
-3.0805e-02
-2.8710e-02
-2.7794e-02
-2.9402e-02
-3.6119e-02
-4.8205e-02
-6.0146e-02
-6.6428e-02
-6.5027e-02
-5.7659e-02
-4.6818e-02
-3.4456e-02
-2.5383e-02
-2.3566e-02
-2.9082e-02
-3.9379e-02
-5.1238e-02
-6.0380e-02
-6.3334e-02
-5.9534e-02
-4.9759e-02
-3.3522e-02
-1.1841e-02
1.2197e-02
3.6042e-02
5.7167e-02
7.3136e-02
8.3279e-02
8.8288e-02
8.7604e-02
8.0788e-02
6.8680e-02
5.3359e-02
3.7091e-02
2.0858e-02
6.1665e-03
-4.2748e-03
-8.4565e-03
-7.5221e-03
-3.5312e-03
4.7851e-03
1.9426e-02
3.8405e-02
5.6759e-02
7.0968e-02
8.1398e-02
9.0680e-02
9.9782e-02
1.0791e-01
1.1477e-01
1.2106e-01
1.2683e-01
1.3163e-01
1.3612e-01
1.3873e-01
1.3727e-01
1.3064e-01
1.1712e-01
9.8964e-02
8.0841e-02
6.5261e-02
5.4066e-02
4.7914e-02
4.5806e-02
4.5442e-02
4.5628e-02
4.5901e-02
4.4971e-02
4.1210e-02
3.3415e-02
2.1294e-02
8.1340e-03
-8.0446e-04
-3.2800e-03
-9.4905e-04
3.2096e-03
6.9209e-03
9.6444e-03
1.1913e-02
1.1755e-02
6.7052e-03
-3.6803e-03
-1.8133e-02
-3.3717e-02
-4.7579e-02
-5.6883e-02
-6.1362e-02
-6.2352e-02
-6.0760e-02
-5.7605e-02
-5.3335e-02
-4.8360e-02
-4.3683e-02
-3.9593e-02
-3.6298e-02
-3.4257e-02
-3.3317e-02
-3.2930e-02
-3.3351e-02
-3.4415e-02
-3.5705e-02
-3.7810e-02
-4.0695e-02
-4.3572e-02
-4.6583e-02
-4.9994e-02
-5.3145e-02
-5.4581e-02
-5.3721e-02
-5.1237e-02
-4.8805e-02
-4.7253e-02
-4.6183e-02
-4.5642e-02
-4.6389e-02
-4.8905e-02
-5.3633e-02
-5.9582e-02
-6.4548e-02
-6.7866e-02
-7.0086e-02
-7.1388e-02
-7.1069e-02
-6.8386e-02
-6.4013e-02
-5.7196e-02
-4.4886e-02
-2.6973e-02
-6.4971e-03
1.4252e-02
3.2880e-02
4.6105e-02
5.2914e-02
5.6248e-02
6.0062e-02
6.5258e-02
7.0083e-02
7.3770e-02
7.6828e-02
8.0102e-02
8.3529e-02
8.5902e-02
8.7770e-02
9.0571e-02
9.4724e-02
1.0086e-01
1.0820e-01
1.1478e-01
1.1865e-01
1.1854e-01
1.1445e-01
1.0810e-01
1.0125e-01
9.3440e-02
8.3588e-02
7.1030e-02
5.6251e-02
4.1180e-02
2.8392e-02
1.9756e-02
1.5325e-02
1.3891e-02
1.4087e-02
1.5795e-02
2.0063e-02
2.6831e-02
3.4770e-02
4.2956e-02
5.0688e-02
5.7243e-02
6.2448e-02
6.6065e-02
6.9080e-02
7.2252e-02
7.3508e-02
7.1581e-02
6.7179e-02
6.0690e-02
5.1909e-02
4.0961e-02
2.7034e-02
1.1565e-02
-1.4480e-03
-8.9559e-03
-1.1540e-02
-1.1264e-02
-1.1145e-02
-1.3340e-02
-1.7481e-02
-2.0905e-02
-2.3403e-02
-2.5670e-02
-2.8107e-02
-3.0596e-02
-3.2670e-02
-3.3855e-02
-3.4036e-02
-3.2746e-02
-2.9930e-02
-2.6266e-02
-2.1114e-02
-1.4911e-02
-1.0557e-02
-7.0761e-03
-4.5164e-03
-4.4488e-03
-6.8728e-03
-1.1322e-02
-1.7751e-02
-2.4391e-02
-2.8553e-02
-3.1834e-02
-3.3719e-02
-3.3028e-02
-3.0937e-02
-2.6317e-02
-2.0644e-02
-1.5183e-02
-1.1306e-02
-1.0253e-02
-1.1437e-02
-1.4169e-02
-1.8150e-02
-2.3582e-02
-3.0004e-02
-3.5497e-02
-3.9727e-02
-4.2828e-02
-4.4792e-02
-4.5905e-02
-4.4656e-02
-3.9438e-02
-2.9183e-02
-1.3345e-02
6.4299e-03
2.6726e-02
4.4417e-02
6.0030e-02
7.4095e-02
8.4751e-02
9.2807e-02
9.9307e-02
1.0371e-01
1.0777e-01
1.1213e-01
1.1336e-01
1.0949e-01
1.0016e-01
8.2680e-02
5.6928e-02
2.7699e-02
-1.2647e-03
-2.7732e-02
-5.0311e-02
-6.6635e-02
-7.5508e-02
-7.9358e-02
-8.0881e-02
-8.1852e-02
-8.2904e-02
-8.3843e-02
-8.4787e-02
-8.5401e-02
-8.4256e-02
-8.1568e-02
-7.7521e-02
-7.0282e-02
-5.6904e-02
-3.8340e-02
-1.8096e-02
2.9135e-03
2.3515e-02
3.9330e-02
4.7198e-02
4.7608e-02
4.3825e-02
3.8633e-02
3.2857e-02
2.3929e-02
1.1805e-02
-3.5510e-04
-1.0158e-02
-1.6288e-02
-1.9360e-02
-1.9898e-02
-1.7507e-02
-1.2649e-02
-6.4566e-03
3.1968e-04
5.7740e-03
6.8972e-03
3.3315e-03
-2.8431e-03
-8.5966e-03
-1.2298e-02
-1.4344e-02
-1.5497e-02
-1.6122e-02
-1.7565e-02
-2.0504e-02
-2.2396e-02
-2.1557e-02
-1.9068e-02
-1.5798e-02
-1.2487e-02
-1.1350e-02
-1.3206e-02
-1.6257e-02
-1.8303e-02
-1.8864e-02
-1.9139e-02
-2.0217e-02
-2.1833e-02
-2.3444e-02
-2.3947e-02
-2.0913e-02
-1.4189e-02
-5.2009e-03
5.7991e-03
1.7549e-02
2.8937e-02
3.9864e-02
4.9383e-02
5.6661e-02
6.1898e-02
6.5443e-02
6.7570e-02
6.8301e-02
6.8027e-02
6.7609e-02
6.5592e-02
5.9859e-02
4.9735e-02
3.5438e-02
1.8463e-02
6.2575e-04
-1.6196e-02
-2.9763e-02
-3.7166e-02
-3.6548e-02
-2.7109e-02
-1.0491e-02
8.7583e-03
2.4796e-02
3.3290e-02
3.3741e-02
2.8412e-02
2.0159e-02
1.0612e-02
2.1537e-04
-1.1597e-02
-2.2980e-02
-3.0814e-02
-3.3999e-02
-3.4003e-02
-3.3994e-02
-3.5759e-02
-3.8307e-02
-3.9893e-02
-3.9954e-02
-3.8719e-02
-3.5848e-02
-3.1028e-02
-2.2753e-02
-8.8907e-03
9.5493e-03
2.9141e-02
4.5705e-02
5.6374e-02
5.9924e-02
5.7103e-02
4.8651e-02
3.5780e-02
2.0445e-02
4.8085e-03
-7.9452e-03
-1.5424e-02
-1.8219e-02
-1.9171e-02
-2.0491e-02
-2.1787e-02
-2.1830e-02
-1.9867e-02
-1.6122e-02
-1.2343e-02
-9.5906e-03
-6.3250e-03
-1.2436e-03
6.2337e-03
1.4492e-02
2.1282e-02
2.5535e-02
2.7112e-02
2.6055e-02
2.3792e-02
2.1646e-02
1.9695e-02
1.7951e-02
1.6645e-02
1.6333e-02
1.6975e-02
1.6192e-02
1.0737e-02
-8.5508e-06
-1.3029e-02
-2.2940e-02
-2.7091e-02
-2.7049e-02
-2.4998e-02
-2.2426e-02
-2.0371e-02
-1.8985e-02
-1.7308e-02
-1.6981e-02
-2.0459e-02
-2.6697e-02
-3.2531e-02
-3.6380e-02
-3.8856e-02
-4.0207e-02
-3.9800e-02
-3.6945e-02
-3.0631e-02
-1.9717e-02
-3.0768e-03
1.7298e-02
3.6799e-02
5.0657e-02
5.7214e-02
5.8733e-02
5.9468e-02
6.1565e-02
6.4493e-02
6.6147e-02
6.6005e-02
6.4624e-02
6.1538e-02
5.6622e-02
5.0339e-02
4.2046e-02
3.2163e-02
2.1449e-02
1.0004e-02
-3.0176e-03
-1.7504e-02
-3.2754e-02
-4.7578e-02
-5.9459e-02
-6.7013e-02
-7.0546e-02
-7.0891e-02
-6.7930e-02
-6.0423e-02
-4.9853e-02
-4.0176e-02
-3.4756e-02
-3.4027e-02
-3.6462e-02
-3.9831e-02
-4.2066e-02
-4.2150e-02
-3.9946e-02
-3.5275e-02
-2.8942e-02
-2.2136e-02
-1.6109e-02
-1.2324e-02
-1.1013e-02
-1.1530e-02
-1.3259e-02
-1.5102e-02
-1.6155e-02
-1.5827e-02
-1.4364e-02
-1.3268e-02
-1.3252e-02
-1.4705e-02
-1.5631e-02
-1.4327e-02
-1.0698e-02
-4.8708e-03
4.0922e-03
1.5839e-02
2.7083e-02
3.4010e-02
3.6576e-02
3.8137e-02
3.9922e-02
4.1962e-02
4.4064e-02
4.5512e-02
4.5305e-02
4.3624e-02
4.0901e-02
3.7717e-02
3.4918e-02
3.2449e-02
2.8117e-02
2.2836e-02
1.8185e-02
1.4855e-02
1.3032e-02
1.3904e-02
1.7980e-02
2.5089e-02
3.3494e-02
4.0940e-02
4.7243e-02
5.3689e-02
6.0438e-02
6.6625e-02
7.3991e-02
8.1239e-02
8.6854e-02
9.1156e-02
9.3157e-02
9.4296e-02
9.5408e-02
9.6068e-02
9.5596e-02
9.2655e-02
8.6731e-02
7.6680e-02
6.2547e-02
4.6778e-02
3.1521e-02
2.0302e-02
1.3639e-02
9.6897e-03
7.1861e-03
5.7244e-03
6.3606e-03
9.3308e-03
1.3441e-02
1.8113e-02
2.3185e-02
2.6564e-02
2.5725e-02
2.0571e-02
1.1800e-02
5.6206e-04
-1.1234e-02
-1.9986e-02
-2.4799e-02
-2.7467e-02
-2.9183e-02
-3.0286e-02
-3.2527e-02
-3.6018e-02
-3.9811e-02
-4.4441e-02
-5.0947e-02
-5.9542e-02
-6.8779e-02
-7.6135e-02
-8.0280e-02
-8.2811e-02
-8.4946e-02
-8.6795e-02
-8.7607e-02
-8.6629e-02
-8.4142e-02
-8.1579e-02
-7.9384e-02
-7.5575e-02
-6.7933e-02
-5.8244e-02
-4.9658e-02
-4.2434e-02
-3.4573e-02
-2.5091e-02
-1.5040e-02
-6.9618e-03
-2.2173e-03
8.3809e-04
3.1973e-03
4.3359e-03
3.7442e-03
1.0924e-03
-3.0519e-03
-6.8842e-03
-9.4477e-03
-9.9725e-03
-7.4450e-03
-2.6491e-03
3.4639e-03
9.9079e-03
1.4222e-02
1.3810e-02
1.0173e-02
6.1155e-03
2.4060e-03
-1.0102e-03
-3.2155e-03
-4.4310e-03
-6.3024e-03
-9.8795e-03
-1.4342e-02
-1.8064e-02
-1.9774e-02
-1.9239e-02
-1.7570e-02
-1.5746e-02
-1.4581e-02
-1.3767e-02
-1.2616e-02
-1.1258e-02
-1.0398e-02
-1.0543e-02
-1.1457e-02
-1.1662e-02
-1.0016e-02
-7.9330e-03
-7.4126e-03
-8.1907e-03
-8.9954e-03
-9.4507e-03
-9.6501e-03
-8.9655e-03
-6.8039e-03
-3.9586e-03
-2.5888e-03
-2.2004e-03
-6.1883e-07
4.4794e-03
9.3866e-03
1.3318e-02
1.6316e-02
1.8539e-02
1.9395e-02
1.8762e-02
1.7114e-02
1.4728e-02
1.2253e-02
9.3337e-03
6.6242e-03
5.2562e-03
4.0509e-03
1.4115e-03
-3.5214e-03
-1.0200e-02
-1.7883e-02
-2.5006e-02
-2.9486e-02
-3.1939e-02
-3.3825e-02
-3.5442e-02
-3.7345e-02
-3.9928e-02
-4.2491e-02
-4.4153e-02
-4.3781e-02
-4.0438e-02
-3.5012e-02
-2.8531e-02
-2.1001e-02
-1.2577e-02
-2.5994e-03
9.3279e-03
2.3360e-02
3.8413e-02
5.0261e-02
5.6327e-02
5.7782e-02
5.7141e-02
5.5542e-02
5.2386e-02
4.8189e-02
4.4507e-02
4.1326e-02
3.8848e-02
3.6765e-02
3.4672e-02
3.2106e-02
2.8116e-02
2.2640e-02
1.6209e-02
1.0236e-02
5.7975e-03
2.3806e-03
-7.7613e-05
-1.3237e-03
-3.8267e-04
2.9573e-03
7.1752e-03
1.0539e-02
1.2171e-02
1.1369e-02
7.1614e-03
-1.6149e-03
-1.4498e-02
-2.7312e-02
-3.4868e-02
-3.3072e-02
-2.0683e-02
2.2876e-04
2.6496e-02
5.5738e-02
8.3786e-02
1.0530e-01
1.1722e-01
1.2175e-01
1.2379e-01
1.2673e-01
1.3012e-01
1.3154e-01
1.3004e-01
1.2594e-01
1.1982e-01
1.1226e-01
1.0275e-01
9.0483e-02
7.5502e-02
5.7856e-02
3.8149e-02
1.9615e-02
5.3586e-03
-4.5276e-03
-1.2031e-02
-1.9099e-02
-2.8152e-02
-3.9896e-02
-5.3690e-02
-6.8513e-02
-8.2363e-02
-9.3139e-02
-9.9383e-02
-1.0139e-01
-1.0088e-01
-9.9168e-02
-9.6768e-02
-9.2771e-02
-8.6080e-02
-7.6158e-02
-6.2652e-02
-4.6469e-02
-3.1029e-02
-1.9991e-02
-1.5275e-02
-1.6328e-02
-2.0389e-02
-2.3862e-02
-2.5706e-02
-2.7209e-02
-2.8987e-02
-3.1366e-02
-3.3747e-02
-3.4559e-02
-3.2583e-02
-2.8437e-02
-2.3681e-02
-1.9023e-02
-1.4861e-02
-1.1803e-02
-1.0582e-02
-9.8133e-03
-7.7337e-03
-4.8587e-03
-1.8988e-03
1.8369e-03
6.5952e-03
9.7356e-03
9.9474e-03
8.8663e-03
8.1483e-03
7.3643e-03
5.8812e-03
5.5813e-03
6.2888e-03
7.5922e-03
9.0067e-03
1.0003e-02
9.0671e-03
6.6267e-03
3.9977e-03
6.3728e-04
-3.5113e-03
-8.1644e-03
-1.1098e-02
-1.0930e-02
-1.0638e-02
-1.1606e-02
-1.2641e-02
-1.2526e-02
-1.0953e-02
-8.8800e-03
-6.9522e-03
-6.0416e-03
-6.1220e-03
-6.5231e-03
-5.9863e-03
-4.9496e-03
-4.3039e-03
-4.1535e-03
-3.8443e-03
-5.8574e-03
-1.2118e-02
-2.2731e-02
-3.6839e-02
-5.2288e-02
-6.6768e-02
-7.7569e-02
-8.3709e-02
-8.6538e-02
-8.7005e-02
-8.5951e-02
-8.2218e-02
-7.6094e-02
-6.9934e-02
-6.5180e-02
-6.2985e-02
-6.3972e-02
-6.6775e-02
-6.9338e-02
-7.0513e-02
-7.0935e-02
-7.0971e-02
-6.8437e-02
-6.1285e-02
-5.0241e-02
-3.7165e-02
-2.4004e-02
-1.3118e-02
-6.1015e-03
-2.2939e-03
-3.7939e-04
4.7305e-04
6.5687e-04
-6.9773e-04
-4.2075e-03
-9.8619e-03
-1.8242e-02
-2.9081e-02
-3.9080e-02
-4.5438e-02
-4.8878e-02
-5.0366e-02
-5.0881e-02
-5.0750e-02
-4.9607e-02
-4.7441e-02
-4.4465e-02
-4.1073e-02
-3.8005e-02
-3.4351e-02
-2.9876e-02
-2.4612e-02
-1.8580e-02
-1.1199e-02
-1.9565e-03
7.2732e-03
1.4292e-02
1.8537e-02
2.0317e-02
2.0480e-02
1.9363e-02
1.7449e-02
1.5698e-02
1.4703e-02
1.4214e-02
1.5265e-02
1.8507e-02
2.2575e-02
2.7896e-02
3.5079e-02
4.4010e-02
5.2409e-02
5.8458e-02
6.1320e-02
6.2038e-02
6.1747e-02
5.9732e-02
5.5768e-02
5.2174e-02
4.8972e-02
4.5823e-02
4.4488e-02
4.4958e-02
4.6723e-02
4.8494e-02
4.9572e-02
5.0400e-02
5.0097e-02
4.8835e-02
4.7947e-02
4.6812e-02
4.4988e-02
4.3502e-02
4.3530e-02
4.3882e-02
4.3088e-02
4.1238e-02
4.0206e-02
3.8687e-02
3.5455e-02
3.2163e-02
2.8620e-02
2.4918e-02
2.2803e-02
2.3258e-02
2.5313e-02
2.8111e-02
3.0462e-02
3.0683e-02
2.9406e-02
2.7851e-02
2.6276e-02
2.4936e-02
2.4868e-02
2.6507e-02
2.9278e-02
3.2010e-02
3.3084e-02
3.2626e-02
2.9778e-02
2.4318e-02
1.8683e-02
1.5459e-02
1.3135e-02
1.1900e-02
9.4994e-03
6.9132e-03
6.4034e-03
7.9665e-03
1.1691e-02
1.6040e-02
2.0194e-02
2.5381e-02
3.1441e-02
3.7196e-02
4.2788e-02
4.7644e-02
5.1579e-02
5.3539e-02
5.2768e-02
4.9731e-02
4.5051e-02
3.8862e-02
3.0817e-02
2.1987e-02
1.4252e-02
8.2986e-03
3.1339e-03
-1.6464e-03
-6.7110e-03
-1.3407e-02
-2.0994e-02
-2.7491e-02
-3.1651e-02
-3.3633e-02
-3.4470e-02
-3.4077e-02
-3.1961e-02
-2.8524e-02
-2.3515e-02
-1.5019e-02
-2.9479e-03
9.2231e-03
1.8198e-02
2.3559e-02
2.4936e-02
2.1556e-02
1.5704e-02
1.0165e-02
5.4252e-03
-1.2562e-04
-6.9069e-03
-1.4411e-02
-2.2276e-02
-2.9762e-02
-3.6311e-02
-4.1760e-02
-4.6069e-02
-4.8953e-02
-5.0493e-02
-5.0832e-02
-5.0180e-02
-4.8440e-02
-4.4549e-02
-3.8764e-02
-3.2163e-02
-2.6319e-02
-2.3246e-02
-2.3515e-02
-2.5746e-02
-2.7630e-02
-2.8782e-02
-2.9992e-02
-3.0906e-02
-3.1214e-02
-3.1160e-02
-3.0889e-02
-3.0526e-02
-3.0181e-02
-2.9480e-02
-2.8652e-02
-2.7521e-02
-2.6480e-02
-2.5897e-02
-2.5582e-02
-2.5880e-02
-2.6423e-02
-2.6890e-02
-2.7202e-02
-2.6694e-02
-2.5449e-02
-2.4871e-02
-2.6340e-02
-2.9512e-02
-3.1917e-02
-3.2624e-02
-3.2899e-02
-3.3387e-02
-3.3470e-02
-3.2907e-02
-3.1668e-02
-2.9696e-02
-2.6627e-02
-2.1716e-02
-1.4822e-02
-7.8057e-03
-2.8006e-03
2.1187e-04
1.9158e-03
1.8997e-03
-6.2495e-04
-6.2386e-03
-1.3565e-02
-2.0454e-02
-2.5579e-02
-2.8692e-02
-3.0192e-02
-3.0168e-02
-2.8857e-02
-2.7249e-02
-2.6304e-02
-2.6999e-02
-2.8780e-02
-3.0939e-02
-3.1782e-02
-2.9007e-02
-2.2374e-02
-1.1572e-02
3.2601e-03
1.9306e-02
3.2236e-02
3.9476e-02
4.1505e-02
4.0523e-02
3.8000e-02
3.4624e-02
3.0401e-02
2.3966e-02
1.5505e-02
7.1742e-03
5.0148e-04
-4.1368e-03
-7.4686e-03
-1.0633e-02
-1.4185e-02
-1.7604e-02
-2.0128e-02
-2.1442e-02
-2.2134e-02
-2.3261e-02
-2.5443e-02
-2.8290e-02
-3.0738e-02
-3.2015e-02
-3.1304e-02
-2.8564e-02
-2.4925e-02
-2.2250e-02
-2.0785e-02
-1.9847e-02
-1.9753e-02
-2.1375e-02
-2.4151e-02
-2.8077e-02
-3.1090e-02
-3.1487e-02
-3.0049e-02
-2.8470e-02
-2.7128e-02
-2.6547e-02
-2.7103e-02
-2.8271e-02
-2.9405e-02
-3.0707e-02
-3.2578e-02
-3.3959e-02
-3.4803e-02
-3.3760e-02
-3.0442e-02
-2.5668e-02
-1.8954e-02
-1.0458e-02
-2.7237e-03
1.9021e-03
3.4512e-03
3.7403e-03
5.0489e-03
9.8701e-03
1.5980e-02
1.9503e-02
1.9595e-02
1.8298e-02
1.7588e-02
1.9174e-02
2.0392e-02
2.0438e-02
1.8982e-02
1.5803e-02
1.2648e-02
1.0542e-02
8.7252e-03
8.0861e-03
9.3246e-03
1.1382e-02
1.3291e-02
1.5321e-02
1.6255e-02
1.6306e-02
1.5889e-02
1.5280e-02
1.5952e-02
1.9014e-02
2.3630e-02
2.8387e-02
3.2447e-02
3.4286e-02
3.5340e-02
3.5032e-02
3.2581e-02
2.9668e-02
2.7516e-02
2.6104e-02
2.5172e-02
2.5320e-02
2.6896e-02
2.9461e-02
3.2115e-02
3.4545e-02
3.6768e-02
3.8898e-02
4.0224e-02
3.9990e-02
3.9877e-02
4.1229e-02
4.3908e-02
4.5769e-02
4.4935e-02
4.0757e-02
3.4364e-02
2.8142e-02
2.3907e-02
2.1348e-02
1.9509e-02
1.7487e-02
1.6326e-02
1.6446e-02
1.7240e-02
1.7818e-02
1.9348e-02
2.1611e-02
2.2337e-02
2.1436e-02
1.9392e-02
1.5987e-02
1.2310e-02
1.0261e-02
9.3131e-03
7.5061e-03
4.3955e-03
1.4084e-03
3.3040e-05
1.4355e-04
6.9093e-04
8.5612e-04
4.6236e-04
-4.3783e-04
-8.8269e-04
-9.7463e-04
-4.4304e-04
1.0705e-03
3.1181e-03
5.3171e-03
6.2486e-03
5.9573e-03
4.2378e-03
1.0197e-03
-2.7557e-03
-7.0489e-03
-1.1759e-02
-1.6311e-02
-1.9249e-02
-2.1486e-02
-2.3141e-02
-2.3748e-02
-2.3681e-02
-2.2917e-02
-1.9917e-02
-1.5522e-02
-1.2174e-02
-1.0019e-02
-7.1037e-03
-4.0361e-03
-1.1721e-03
2.5992e-03
6.6005e-03
9.7230e-03
1.2469e-02
1.5739e-02
1.7833e-02
1.6925e-02
1.4040e-02
1.0829e-02
7.9907e-03
4.2301e-03
-7.3891e-04
-5.3751e-03
-9.0439e-03
-1.1962e-02
-1.4280e-02
-1.6054e-02
-1.7362e-02
-1.7557e-02
-1.7041e-02
-1.6732e-02
-1.6974e-02
-1.7943e-02
-1.9145e-02
-2.0803e-02
-2.2476e-02
-2.4167e-02
-2.5546e-02
-2.6671e-02
-2.8301e-02
-3.0601e-02
-3.2720e-02
-3.4666e-02
-3.6688e-02
-3.8325e-02
-3.9046e-02
-3.8076e-02
-3.5271e-02
-3.0475e-02
-2.3760e-02
-1.6443e-02
-1.0713e-02
-7.4797e-03
-5.6915e-03
-4.1650e-03
-3.2227e-03
-1.2878e-03
1.3543e-03
4.7493e-03
8.6079e-03
1.2206e-02
1.5702e-02
1.9762e-02
2.2465e-02
2.3509e-02
2.2835e-02
2.1135e-02
1.8913e-02
1.6274e-02
1.4733e-02
1.4647e-02
1.5313e-02
1.6236e-02
1.6803e-02
1.6547e-02
1.5362e-02
1.3393e-02
1.0933e-02
8.7551e-03
7.5695e-03
6.1842e-03
4.1265e-03
1.8215e-03
-7.5165e-04
-3.1808e-03
-5.1652e-03
-6.8643e-03
-6.7260e-03
-4.5281e-03
-1.2984e-03
2.3359e-03
6.3950e-03
1.0448e-02
1.2200e-02
1.1483e-02
9.5680e-03
7.2528e-03
5.9648e-03
5.4449e-03
5.1958e-03
5.1102e-03
4.2733e-03
2.5787e-03
1.9155e-03
3.8776e-03
7.7203e-03
1.1982e-02
1.7526e-02
2.5102e-02
3.2979e-02
3.8769e-02
4.2116e-02
4.4660e-02
4.6950e-02
4.7886e-02
4.8130e-02
4.8621e-02
4.9648e-02
5.2089e-02
5.4905e-02
5.7703e-02
5.9444e-02
6.0905e-02
6.2237e-02
6.4675e-02
6.7284e-02
6.8201e-02
6.6565e-02
6.2904e-02
5.8816e-02
5.3322e-02
4.5739e-02
3.7590e-02
2.8396e-02
1.8137e-02
9.0204e-03
2.4954e-03
-2.6406e-03
-5.8568e-03
-6.6504e-03
-6.5322e-03
-7.7999e-03
-1.0676e-02
-1.3475e-02
-1.5389e-02
-1.5352e-02
-1.4126e-02
-1.1945e-02
-7.5389e-03
-9.7384e-04
7.3765e-03
1.5925e-02
2.2170e-02
2.6203e-02
2.8389e-02
2.8012e-02
2.5855e-02
2.3140e-02
2.0229e-02
1.7223e-02
1.4611e-02
1.2539e-02
1.0734e-02
8.9691e-03
6.5634e-03
4.5666e-03
3.9888e-03
4.3618e-03
6.1579e-03
9.8491e-03
1.3571e-02
1.5779e-02
1.8219e-02
2.1654e-02
2.4165e-02
2.4111e-02
2.2772e-02
2.1308e-02
1.9943e-02
1.8649e-02
1.9117e-02
2.0790e-02
2.2260e-02
2.1690e-02
1.9731e-02
1.8481e-02
1.7108e-02
1.4623e-02
1.1775e-02
8.3160e-03
4.3280e-03
6.7005e-04
-2.7235e-03
-6.5748e-03
-1.0755e-02
-1.3862e-02
-1.5674e-02
-1.6922e-02
-1.8525e-02
-2.1023e-02
-2.2590e-02
-2.2341e-02
-2.1652e-02
-2.1231e-02
-2.1385e-02
-2.1793e-02
-2.3386e-02
-2.5106e-02
-2.5626e-02
-2.4533e-02
-2.2541e-02
-2.1240e-02
-2.1872e-02
-2.3338e-02
-2.4787e-02
-2.5508e-02
-2.5337e-02
-2.4237e-02
-2.2502e-02
-2.1389e-02
-2.0723e-02
-1.9585e-02
-1.7324e-02
-1.5172e-02
-1.3807e-02
-1.1858e-02
-8.9053e-03
-5.8882e-03
-3.7727e-03
-1.6253e-03
1.2912e-03
4.8555e-03
7.8341e-03
9.6474e-03
9.5384e-03
7.8456e-03
5.7027e-03
3.3673e-03
5.8453e-04
-1.3795e-03
-3.0754e-03
-3.9810e-03
-4.2873e-03
-4.6451e-03
-5.0607e-03
-6.0994e-03
-7.9593e-03
-1.0442e-02
-1.2019e-02
-1.1709e-02
-1.1172e-02
-1.1370e-02
-1.1937e-02
-1.2486e-02
-1.3283e-02
-1.4119e-02
-1.4716e-02
-1.4105e-02
-1.3228e-02
-1.2814e-02
-1.3403e-02
-1.5186e-02
-1.7260e-02
-1.9094e-02
-2.0464e-02
-2.1211e-02
-2.1531e-02
-2.0463e-02
-1.7703e-02
-1.5002e-02
-1.3757e-02
-1.3466e-02
-1.3207e-02
-1.2258e-02
-1.0300e-02
-7.4080e-03
-4.0629e-03
-1.3136e-03
8.7103e-04
1.9098e-03
1.3028e-03
2.4662e-04
-4.0507e-04
-1.4580e-03
-2.5947e-03
-3.6689e-03
-5.1365e-03
-6.1881e-03
-6.4707e-03
-6.3523e-03
-6.7940e-03
-6.3524e-03
-4.3728e-03
-1.4447e-03
1.4009e-03
3.8967e-03
6.6973e-03
9.2565e-03
1.1192e-02
1.2082e-02
1.2119e-02
1.1974e-02
1.2594e-02
1.3597e-02
1.4116e-02
1.4086e-02
1.3873e-02
1.4393e-02
1.5303e-02
1.5685e-02
1.4896e-02
1.3075e-02
1.1047e-02
9.2798e-03
7.7923e-03
6.3105e-03
4.6444e-03
2.8540e-03
1.0875e-03
-9.6996e-06
-1.8690e-04
-6.3339e-04
-2.7293e-03
-7.0135e-03
-1.1945e-02
-1.6554e-02
-2.0330e-02
-2.1470e-02
-2.1190e-02
-2.1173e-02
-2.0302e-02
-1.8433e-02
-1.6473e-02
-1.5451e-02
-1.4774e-02
-1.2972e-02
-1.0979e-02
-1.0189e-02
-1.0430e-02
-1.2205e-02
-1.4113e-02
-1.4609e-02
-1.2856e-02
-1.0564e-02
-9.7851e-03
-1.0839e-02
-1.1829e-02
-1.2284e-02
-1.3172e-02
-1.3897e-02
-1.4151e-02
-1.3328e-02
-1.0986e-02
-7.5279e-03
-4.6064e-03
-2.1813e-03
5.3512e-04
3.7098e-03
5.2934e-03
5.5334e-03
5.5874e-03
5.1227e-03
5.1146e-03
5.1331e-03
4.0413e-03
2.1161e-03
-6.0630e-04
-3.1927e-03
-5.0561e-03
-5.8422e-03
-6.3981e-03
-7.6530e-03
-9.5502e-03
-1.1001e-02
-1.2511e-02
-1.2614e-02
-1.1342e-02
-1.1047e-02
-1.0740e-02
-8.5684e-03
-5.0244e-03
-1.3393e-03
2.0715e-03
6.1739e-03
1.0468e-02
1.4905e-02
1.9061e-02
2.2286e-02
2.5249e-02
2.7882e-02
3.0007e-02
3.1222e-02
3.2039e-02
3.3245e-02
3.5031e-02
3.7006e-02
3.8325e-02
3.8517e-02
3.7146e-02
3.4140e-02
3.0985e-02
2.8417e-02
2.7395e-02
2.7383e-02
2.6751e-02
2.5030e-02
2.2793e-02
2.0731e-02
1.9058e-02
1.7587e-02
1.5990e-02
1.3174e-02
8.6637e-03
3.6961e-03
-1.3889e-03
-6.1932e-03
-1.0015e-02
-1.2644e-02
-1.4358e-02
-1.5385e-02
-1.5775e-02
-1.5865e-02
-1.5487e-02
-1.4716e-02
-1.2654e-02
-9.1237e-03
-5.8271e-03
-3.4207e-03
-1.8307e-03
-1.2910e-03
-2.1956e-03
-4.7000e-03
-8.0878e-03
-1.1151e-02
-1.3137e-02
-1.4018e-02
-1.3724e-02
-1.2455e-02
-1.0406e-02
-8.0543e-03
-6.4581e-03
-6.5277e-03
-7.7118e-03
-8.9768e-03
-1.0149e-02
-1.1477e-02
-1.3406e-02
-1.6329e-02
-1.9917e-02
-2.3528e-02
-2.6117e-02
-2.7765e-02
-2.9464e-02
-3.1494e-02
-3.3944e-02
-3.6549e-02
-3.7633e-02
-3.7021e-02
-3.6004e-02
-3.4959e-02
-3.4091e-02
-3.3378e-02
-3.2293e-02
-3.0247e-02
-2.6827e-02
-2.3248e-02
-1.9947e-02
-1.6602e-02
-1.4295e-02
-1.3260e-02
-1.2834e-02
-1.3019e-02
-1.4031e-02
-1.5285e-02
-1.7076e-02
-1.9316e-02
-1.9971e-02
-1.8603e-02
-1.6690e-02
-1.5110e-02
-1.3824e-02
-1.2144e-02
-1.0250e-02
-8.7945e-03
-7.6245e-03
-7.3918e-03
-8.0419e-03
-7.9991e-03
-7.3385e-03
-6.7495e-03
-5.9123e-03
-4.5729e-03
-3.2437e-03
-1.8546e-03
2.0166e-05
2.0568e-03
3.8311e-03
4.5426e-03
4.0617e-03
3.7413e-03
4.3061e-03
4.7124e-03
4.6967e-03
5.2268e-03
7.0224e-03
9.2918e-03
1.0867e-02
1.0790e-02
9.2331e-03
7.1372e-03
5.2975e-03
3.7699e-03
2.0119e-03
4.8760e-04
-1.9341e-04
-1.1330e-04
8.5029e-04
2.3744e-03
3.3167e-03
3.7389e-03
4.0906e-03
3.6390e-03
1.8539e-03
-3.7409e-04
-1.4745e-03
-1.4268e-03
-1.7260e-03
-1.8532e-03
-7.3564e-04
9.4205e-04
1.7558e-03
1.0654e-03
-1.9167e-03
-7.4473e-03
-1.6886e-02
-2.7436e-02
-3.5855e-02
-4.0712e-02
-4.1378e-02
-3.9550e-02
-3.8035e-02
-3.8741e-02
-4.1809e-02
-4.6876e-02
-5.2228e-02
-5.5747e-02
-5.8228e-02
-6.0712e-02
-6.3458e-02
-6.5187e-02
-6.5185e-02
-6.3517e-02
-5.9891e-02
-5.3854e-02
-4.5342e-02
-3.5902e-02
-2.7581e-02
-2.1489e-02
-1.8495e-02
-1.8164e-02
-1.9079e-02
-1.9251e-02
-1.7102e-02
-1.2674e-02
-7.0573e-03
-1.8315e-04
7.0242e-03
1.2928e-02
1.8156e-02
2.2939e-02
2.7087e-02
3.1662e-02
3.6699e-02
4.1082e-02
4.4607e-02
4.7134e-02
4.8866e-02
4.9317e-02
4.8253e-02
4.5334e-02
4.0687e-02
3.4784e-02
2.7159e-02
1.8276e-02
9.9489e-03
3.5247e-03
-7.8388e-04
-3.4562e-03
-5.3664e-03
-7.6969e-03
-1.0537e-02
-1.3657e-02
-1.8014e-02
-2.3107e-02
-2.8424e-02
-3.2867e-02
-3.5814e-02
-3.6878e-02
-3.6368e-02
-3.5308e-02
-3.3407e-02
-3.0007e-02
-2.3437e-02
-1.1692e-02
5.1883e-03
2.4970e-02
4.5846e-02
6.5366e-02
8.1454e-02
9.3040e-02
1.0042e-01
1.0396e-01
1.0422e-01
9.9585e-02
8.8081e-02
6.9352e-02
4.4980e-02
1.9277e-02
-1.3993e-03
-1.2769e-02
-1.5573e-02
-1.4589e-02
-1.3783e-02
-1.4992e-02
-1.7978e-02
-2.2487e-02
-2.6912e-02
-2.9924e-02
-3.1822e-02
-3.3177e-02
-3.4607e-02
-3.4262e-02
-3.1167e-02
-2.4798e-02
-1.5511e-02
-6.2742e-03
-1.1167e-03
-1.8122e-03
-6.0644e-03
-1.0999e-02
-1.5379e-02
-1.9807e-02
-2.3738e-02
-2.5678e-02
-2.2740e-02
-1.6281e-02
-1.0195e-02
-6.0739e-03
-3.5864e-03
-2.1844e-03
-1.7388e-03
-1.5679e-03
-1.3466e-03
-4.4995e-04
1.2008e-03
2.0288e-03
9.5701e-04
2.5305e-05
6.3374e-04
2.0598e-03
2.9938e-03
4.1994e-03
5.4235e-03
4.9307e-03
1.4833e-03
-4.6205e-03
-1.5385e-02
-2.6829e-02
-3.5053e-02
-3.9642e-02
-4.0595e-02
-3.8056e-02
-3.3387e-02
-2.6546e-02
-1.6617e-02
-4.9385e-03
5.4894e-03
1.2438e-02
1.6382e-02
1.8064e-02
1.8052e-02
1.7447e-02
1.6914e-02
1.6586e-02
1.7162e-02
1.8716e-02
2.1703e-02
2.5624e-02
2.8938e-02
3.1380e-02
3.3894e-02
3.6482e-02
3.8724e-02
4.0545e-02
4.2202e-02
4.3849e-02
4.4947e-02
4.4108e-02
4.0617e-02
3.5305e-02
2.8786e-02
2.2150e-02
1.6635e-02
1.3034e-02
1.2232e-02
1.3658e-02
1.6253e-02
1.9206e-02
2.2209e-02
2.5749e-02
2.9773e-02
3.4059e-02
3.7759e-02
3.9547e-02
3.9652e-02
3.9122e-02
3.8406e-02
3.7273e-02
3.6286e-02
3.5471e-02
3.5270e-02
3.4742e-02
3.3495e-02
3.2046e-02
3.0432e-02
2.9237e-02
2.7868e-02
2.6353e-02
2.4552e-02
2.2801e-02
2.1109e-02
2.0042e-02
1.9643e-02
1.9325e-02
2.0152e-02
2.1136e-02
2.1106e-02
1.8898e-02
1.4299e-02
8.0775e-03
2.7765e-04
-7.9330e-03
-1.3576e-02
-1.5821e-02
-1.6478e-02
-1.6524e-02
-1.5340e-02
-1.3301e-02
-1.1273e-02
-9.1090e-03
-6.8004e-03
-4.7407e-03
-2.5039e-03
-8.1280e-05
2.6029e-03
5.7182e-03
8.6146e-03
1.0648e-02
1.1062e-02
9.7101e-03
7.6445e-03
5.8438e-03
5.0390e-03
5.1006e-03
4.9507e-03
4.6852e-03
4.7700e-03
4.3757e-03
3.0362e-03
5.8741e-04
-1.6541e-03
-3.4260e-03
-4.6996e-03
-5.1315e-03
-5.0988e-03
-5.0515e-03
-5.1406e-03
-4.8599e-03
-4.7074e-03
-5.1091e-03
-5.5579e-03
-5.7168e-03
-5.5709e-03
-4.7409e-03
-3.0887e-03
-6.1151e-04
1.9656e-03
3.7836e-03
3.8980e-03
2.8273e-03
1.5768e-03
7.9291e-04
9.6869e-04
1.9795e-03
3.6836e-03
4.8276e-03
6.2657e-03
8.2358e-03
1.0223e-02
1.2007e-02
1.4307e-02
1.6744e-02
1.8773e-02
1.9738e-02
2.0398e-02
2.0974e-02
2.1185e-02
1.9237e-02
1.6532e-02
1.4740e-02
1.3499e-02
1.1024e-02
7.7205e-03
5.0988e-03
2.7043e-03
-1.6997e-04
-2.9509e-03
-5.6205e-03
-7.4126e-03
-8.3601e-03
-8.1613e-03
-5.8456e-03
-2.3244e-03
1.1115e-03
5.1001e-03
9.1928e-03
1.3883e-02
1.8354e-02
2.0968e-02
2.0183e-02
1.7431e-02
1.4763e-02
1.2595e-02
1.0516e-02
7.6589e-03
4.5392e-03
2.2400e-03
6.0884e-04
-5.2879e-04
-1.0917e-03
-2.4589e-03
-4.0981e-03
-5.5404e-03
-6.4043e-03
-6.9578e-03
-6.7573e-03
-5.8558e-03
-4.1642e-03
-2.7560e-03
-2.6594e-03
-3.7995e-03
-5.2505e-03
-6.9023e-03
-8.2535e-03
-9.4207e-03
-1.1267e-02
-1.2857e-02
-1.3527e-02
-1.4000e-02
-1.4158e-02
-1.2533e-02
-8.6854e-03
-4.2886e-03
-8.7390e-04
2.5661e-03
5.6233e-03
6.7939e-03
6.0519e-03
4.8767e-03
4.3195e-03
3.9688e-03
3.7836e-03
3.9720e-03
4.8803e-03
6.5427e-03
8.6902e-03
9.5911e-03
9.0329e-03
8.0952e-03
6.8641e-03
4.9775e-03
3.5124e-03
3.0522e-03
2.6753e-03
2.3661e-03
2.7450e-03
3.3902e-03
3.9436e-03
4.8604e-03
6.0927e-03
7.1208e-03
7.6153e-03
7.2597e-03
6.3430e-03
5.1058e-03
3.5797e-03
2.1955e-03
1.5037e-03
9.7131e-04
-5.6998e-04
-2.8424e-03
-4.9868e-03
-6.4437e-03
-7.2009e-03
-8.0523e-03
-9.0655e-03
-9.8377e-03
-1.0911e-02
-1.1897e-02
-1.2208e-02
-1.2078e-02
-1.1639e-02
-1.0886e-02
-1.0028e-02
-8.9281e-03
-7.7055e-03
-7.2995e-03
-8.2897e-03
-1.0211e-02
-1.2158e-02
-1.3224e-02
-1.2847e-02
-1.1654e-02
-1.0211e-02
-8.7064e-03
-7.2027e-03
-5.6882e-03
-4.6541e-03
-5.0478e-03
-6.9775e-03
-9.1692e-03
-9.8102e-03
-9.0497e-03
-7.6976e-03
-5.5041e-03
-3.0147e-03
-1.1112e-03
8.7913e-04
3.1851e-03
4.6968e-03
5.5423e-03
6.6905e-03
6.9853e-03
5.2239e-03
3.1156e-03
1.8076e-03
7.3489e-04
2.5537e-04
7.5578e-04
1.2195e-03
1.2684e-03
2.1596e-03
4.0653e-03
5.8807e-03
6.3451e-03
4.6203e-03
1.8581e-03
-9.3653e-05
-2.2235e-03
-4.7882e-03
-7.4738e-03
-1.0441e-02
-1.2855e-02
-1.4631e-02
-1.5313e-02
-1.4697e-02
-1.3316e-02
-1.1362e-02
-9.5908e-03
-8.6784e-03
-8.4197e-03
-8.8298e-03
-9.6541e-03
-1.0854e-02
-1.2388e-02
-1.3766e-02
-1.4395e-02
-1.4547e-02
-1.4746e-02
-1.4941e-02
-1.5695e-02
-1.7031e-02
-1.8224e-02
-1.9076e-02
-1.9129e-02
-1.7991e-02
-1.6107e-02
-1.4194e-02
-1.2310e-02
-1.0168e-02
-8.0388e-03
-6.4803e-03
-5.5665e-03
-4.6459e-03
-3.9696e-03
-4.5849e-03
-5.6657e-03
-5.8331e-03
-4.6268e-03
-2.5695e-03
-2.3843e-04
2.1088e-03
3.6141e-03
3.7861e-03
3.4260e-03
2.6302e-03
9.8735e-04
-1.6590e-03
-4.4581e-03
-6.4006e-03
-7.7886e-03
-8.9021e-03
-1.0385e-02
-1.2531e-02
-1.4661e-02
-1.7124e-02
-2.0791e-02
-2.5754e-02
-3.0339e-02
-3.3810e-02
-3.7193e-02
-4.0386e-02
-4.2034e-02
-4.2200e-02
-4.1791e-02
-4.0921e-02
-3.9597e-02
-3.8422e-02
-3.7977e-02
-3.8089e-02
-3.7894e-02
-3.7116e-02
-3.6372e-02
-3.5682e-02
-3.4185e-02
-3.1439e-02
-2.8306e-02
-2.5877e-02
-2.3952e-02
-2.2316e-02
-2.1036e-02
-2.0096e-02
-1.9663e-02
-1.9609e-02
-1.9632e-02
-1.9198e-02
-1.8281e-02
-1.6826e-02
-1.5186e-02
-1.4266e-02
-1.3484e-02
-1.2278e-02
-1.1682e-02
-1.1810e-02
-1.2566e-02
-1.4276e-02
-1.6357e-02
-1.7802e-02
-1.8496e-02
-1.8567e-02
-1.8040e-02
-1.6770e-02
-1.4344e-02
-1.1070e-02
-7.5223e-03
-3.7449e-03
2.5971e-04
3.6721e-03
6.5116e-03
8.8507e-03
1.0309e-02
1.1333e-02
1.2688e-02
1.4018e-02
1.5665e-02
1.7835e-02
1.9948e-02
2.1662e-02
2.2666e-02
2.3404e-02
2.4119e-02
2.4016e-02
2.3249e-02
2.1641e-02
1.9917e-02
1.9185e-02
1.9365e-02
1.9755e-02
1.9829e-02
1.8313e-02
1.5560e-02
1.2492e-02
9.9233e-03
8.2939e-03
6.3931e-03
4.1250e-03
2.6078e-03
1.5954e-03
2.7649e-04
-7.8233e-04
-1.1425e-03
-9.2663e-04
4.6721e-05
1.4253e-03
1.8560e-03
2.0163e-03
3.0114e-03
4.5072e-03
5.1425e-03
5.1005e-03
4.4251e-03
3.0393e-03
1.7762e-03
3.0895e-04
-8.6806e-04
-1.1447e-03
-6.3087e-04
9.0386e-04
2.3485e-03
2.9484e-03
3.0456e-03
2.8701e-03
3.0667e-03
3.0541e-03
1.9213e-03
3.5413e-04
-8.5772e-04
-1.3254e-03
-1.1775e-03
-9.6742e-04
-1.2243e-03
-2.1461e-03
-3.3133e-03
-4.3111e-03
-4.7347e-03
-4.6233e-03
-4.0113e-03
-3.1868e-03
-2.3561e-03
-1.5832e-03
-4.1846e-04
1.1682e-03
2.1903e-03
2.3277e-03
2.0437e-03
1.8413e-03
1.8825e-03
2.0893e-03
2.2680e-03
2.2886e-03
2.2096e-03
2.0664e-03
9.4739e-04
-7.4689e-04
-2.2085e-03
-3.5397e-03
-4.4339e-03
-4.6968e-03
-4.5898e-03
-4.5100e-03
-4.5421e-03
-4.1243e-03
-2.8497e-03
-1.5715e-03
-1.1426e-03
-1.9440e-03
-3.6293e-03
-4.9896e-03
-5.3527e-03
-6.0834e-03
-7.3642e-03
-7.6355e-03
-7.5883e-03
-7.2750e-03
-6.0765e-03
-4.9288e-03
-3.3239e-03
-1.8073e-03
-7.1418e-04
4.6870e-04
1.4447e-03
3.7299e-03
7.5671e-03
1.0364e-02
1.2227e-02
1.4572e-02
1.7028e-02
1.7818e-02
1.7744e-02
1.7926e-02
1.8106e-02
1.6949e-02
1.3332e-02
9.2651e-03
6.4502e-03
4.2188e-03
1.6389e-03
-7.7654e-04
-2.0064e-03
-2.0817e-03
-1.7867e-03
-1.5563e-03
-1.0926e-03
-5.6365e-04
-8.2366e-05
1.3608e-03
3.3193e-03
3.9259e-03
3.2484e-03
2.3870e-03
1.7234e-03
2.3923e-03
5.5804e-03
1.0067e-02
1.4080e-02
1.7349e-02
2.0509e-02
2.2599e-02
2.2819e-02
2.1228e-02
1.8747e-02
1.7032e-02
1.6099e-02
1.5396e-02
1.5203e-02
1.6070e-02
1.7965e-02
2.0208e-02
2.1715e-02
2.2149e-02
2.1593e-02
2.0832e-02
2.0087e-02
1.9169e-02
1.9172e-02
2.0592e-02
2.2619e-02
2.4202e-02
2.4941e-02
2.5333e-02
2.5309e-02
2.4636e-02
2.3201e-02
2.1089e-02
1.8974e-02
1.7643e-02
1.7322e-02
1.7505e-02
1.7635e-02
1.7520e-02
1.7276e-02
1.6743e-02
1.6356e-02
1.6613e-02
1.7091e-02
1.7361e-02
1.8077e-02
1.9483e-02
2.1306e-02
2.3048e-02
2.3494e-02
2.2602e-02
2.1125e-02
1.9520e-02
1.7994e-02
1.7010e-02
1.6778e-02
1.6968e-02
1.7058e-02
1.6371e-02
1.4760e-02
1.2812e-02
1.1534e-02
1.1387e-02
1.1828e-02
1.3159e-02
1.5241e-02
1.6738e-02
1.7020e-02
1.7252e-02
1.7880e-02
1.8921e-02
1.9914e-02
2.0250e-02
2.0692e-02
2.0071e-02
1.9311e-02
1.9525e-02
1.9911e-02
1.8756e-02
1.4977e-02
1.0818e-02
7.5947e-03
4.8547e-03
1.9867e-03
-6.4183e-04
-2.6280e-03
-3.7584e-03
-4.6370e-03
-5.8882e-03
-6.9072e-03
-7.3081e-03
-7.4015e-03
-7.7871e-03
-7.7710e-03
-6.9784e-03
-5.1580e-03
-2.9408e-03
-1.6404e-03
-1.0076e-03
-8.9941e-04
-1.6997e-03
-3.1186e-03
-3.7542e-03
-2.7620e-03
-9.5531e-04
4.1682e-04
1.4210e-03
2.5957e-03
3.8685e-03
4.6454e-03
5.0477e-03
5.6360e-03
6.2322e-03
6.4860e-03
6.4741e-03
6.3645e-03
6.0452e-03
5.0381e-03
3.3664e-03
1.4788e-03
-9.5300e-06
-1.3307e-03
-1.9814e-03
-1.3437e-03
-3.9429e-04
-1.1146e-04
-1.1792e-03
-3.1016e-03
-4.3657e-03
-4.8308e-03
-5.4702e-03
-6.0738e-03
-5.6471e-03
-4.5417e-03
-3.8380e-03
-4.2356e-03
-5.3598e-03
-6.5681e-03
-8.3060e-03
-9.7122e-03
-1.0807e-02
-1.1937e-02
-1.2434e-02
-1.1376e-02
-7.9885e-03
-4.5267e-03
-1.6335e-03
1.3996e-03
4.7543e-03
8.1761e-03
1.0569e-02
1.1286e-02
1.2311e-02
1.4467e-02
1.7548e-02
1.9844e-02
2.0904e-02
2.0556e-02
1.9530e-02
1.8457e-02
1.8320e-02
1.7971e-02
1.7606e-02
1.8237e-02
1.7966e-02
1.6860e-02
1.6035e-02
1.5900e-02
1.5878e-02
1.4761e-02
1.3073e-02
1.1563e-02
1.0247e-02
9.5318e-03
8.6169e-03
6.5374e-03
4.0078e-03
1.6304e-03
-7.1747e-04
-3.3770e-03
-6.0915e-03
-7.6346e-03
-9.0678e-03
-1.1236e-02
-1.2351e-02
-1.2529e-02
-1.3585e-02
-1.5620e-02
-1.7827e-02
-1.8874e-02
-1.8432e-02
-1.7531e-02
-1.7145e-02
-1.7364e-02
-1.7787e-02
-1.8496e-02
-1.9771e-02
-2.0891e-02
-2.1298e-02
-2.1634e-02
-2.2306e-02
-2.3300e-02
-2.3791e-02
-2.3353e-02
-2.2737e-02
-2.1844e-02
-2.1764e-02
-2.2595e-02
-2.4565e-02
-2.7642e-02
-2.9837e-02
-3.0215e-02
-3.0837e-02
-3.1457e-02
-3.1460e-02
-3.1527e-02
-3.2191e-02
-3.3077e-02
-3.3556e-02
-3.3973e-02
-3.3956e-02
-3.3967e-02
-3.3881e-02
-3.3741e-02
-3.2885e-02
-3.1697e-02
-3.1200e-02
-3.1009e-02
-3.0282e-02
-2.8693e-02
-2.6477e-02
-2.3849e-02
-2.1537e-02
-1.9800e-02
-1.8353e-02
-1.6732e-02
-1.4836e-02
-1.2880e-02
-1.1460e-02
-1.0578e-02
-9.9970e-03
-1.0038e-02
-1.0347e-02
-1.0510e-02
-1.0767e-02
-1.0980e-02
-1.1062e-02
-1.1030e-02
-1.0637e-02
-9.4856e-03
-8.1639e-03
-7.1337e-03
-6.8508e-03
-7.3603e-03
-7.9149e-03
-7.2277e-03
-5.4516e-03
-4.0838e-03
-3.8184e-03
-3.4426e-03
-2.5966e-03
-1.8652e-03
-2.0989e-03
-3.4068e-03
-4.9095e-03
-5.5216e-03
-4.9689e-03
-4.1739e-03
-3.8692e-03
-3.6468e-03
-2.7605e-03
-1.5334e-03
-7.9368e-04
-4.2439e-04
-2.2111e-04
-4.6721e-04
-8.9740e-04
-1.0784e-03
-1.0012e-03
-8.5350e-04
-7.7901e-04
-7.6366e-04
-8.2077e-04
-1.2004e-03
-2.2694e-03
-3.3862e-03
-3.6890e-03
-3.7036e-03
-3.5760e-03
-2.7220e-03
-1.1837e-03
6.2277e-04
2.3453e-03
3.9628e-03
5.8222e-03
8.2014e-03
1.0357e-02
1.2394e-02
1.5244e-02
1.7594e-02
1.8532e-02
1.9220e-02
2.0783e-02
2.3149e-02
2.5042e-02
2.6060e-02
2.6572e-02
2.7185e-02
2.8044e-02
2.9083e-02
3.0064e-02
3.0936e-02
3.1448e-02
3.1656e-02
3.2063e-02
3.1913e-02
3.0599e-02
2.8668e-02
2.6569e-02
2.4074e-02
2.1107e-02
1.8568e-02
1.6442e-02
1.3457e-02
9.8034e-03
7.2720e-03
5.4292e-03
3.6401e-03
1.9538e-03
6.6679e-04
-9.2445e-04
-2.6268e-03
-4.5200e-03
-6.2847e-03
-8.1659e-03
-1.0264e-02
-1.1952e-02
-1.2752e-02
-1.2757e-02
-1.2609e-02
-1.2908e-02
-1.4429e-02
-1.6251e-02
-1.7689e-02
-1.8902e-02
-1.9543e-02
-1.9587e-02
-1.9388e-02
-1.9354e-02
-1.9454e-02
-1.9481e-02
-1.8882e-02
-1.8747e-02
-1.8673e-02
-1.8833e-02
-1.8709e-02
-1.7476e-02
-1.6273e-02
-1.6516e-02
-1.7680e-02
-1.8333e-02
-1.7700e-02
-1.7053e-02
-1.6637e-02
-1.6202e-02
-1.6135e-02
-1.6241e-02
-1.6380e-02
-1.5851e-02
-1.4968e-02
-1.4384e-02
-1.3859e-02
-1.3274e-02
-1.3026e-02
-1.3053e-02
-1.3654e-02
-1.3950e-02
-1.3512e-02
-1.2589e-02
-1.1660e-02
-1.1296e-02
-1.1894e-02
-1.3360e-02
-1.4830e-02
-1.5449e-02
-1.5646e-02
-1.6064e-02
-1.7006e-02
-1.8939e-02
-2.1651e-02
-2.4482e-02
-2.7032e-02
-2.9013e-02
-3.0633e-02
-3.2128e-02
-3.3399e-02
-3.3793e-02
-3.3215e-02
-3.2750e-02
-3.3017e-02
-3.2866e-02
-3.1387e-02
-2.8979e-02
-2.6806e-02
-2.5108e-02
-2.4004e-02
-2.3243e-02
-2.2534e-02
-2.1875e-02
-2.1746e-02
-2.1523e-02
-2.1061e-02
-2.1058e-02
-2.2032e-02
-2.2206e-02
-2.1203e-02
-1.9875e-02
-1.7381e-02
-1.4611e-02
-1.3110e-02
-1.2358e-02
-1.1406e-02
-1.0458e-02
-9.2321e-03
-6.2976e-03
-3.2848e-03
-1.5173e-03
2.8478e-04
1.1391e-03
7.8822e-04
3.6962e-04
4.2574e-04
8.6180e-04
1.4314e-03
2.4943e-03
4.3581e-03
6.4011e-03
7.4517e-03
8.2935e-03
9.6715e-03
1.0599e-02
1.1340e-02
1.2529e-02
1.3807e-02
1.5728e-02
1.8077e-02
1.9870e-02
2.0505e-02
2.1586e-02
2.2628e-02
2.2678e-02
2.2285e-02
2.1496e-02
2.1048e-02
2.1489e-02
2.1949e-02
2.2341e-02
2.2761e-02
2.2619e-02
2.1649e-02
2.0190e-02
1.9567e-02
1.8847e-02
1.7807e-02
1.6672e-02
1.5909e-02
1.6026e-02
1.7378e-02
1.8628e-02
1.9571e-02
1.9749e-02
1.9267e-02
1.9536e-02
2.0396e-02
2.1583e-02
2.2485e-02
2.2917e-02
2.1995e-02
2.0390e-02
1.9210e-02
1.8972e-02
1.8629e-02
1.8311e-02
1.8477e-02
1.8732e-02
1.9310e-02
1.9591e-02
2.0437e-02
2.1562e-02
2.2077e-02
2.2273e-02
2.3365e-02
2.4653e-02
2.4917e-02
2.5425e-02
2.6171e-02
2.5951e-02
2.5220e-02
2.4778e-02
2.4672e-02
2.4202e-02
2.3585e-02
2.3431e-02
2.3826e-02
2.3316e-02
2.2053e-02
2.0966e-02
1.9312e-02
1.7035e-02
1.4520e-02
1.2918e-02
1.2261e-02
1.0483e-02
7.9096e-03
6.5508e-03
5.8643e-03
5.7864e-03
6.2569e-03
6.6778e-03
7.4274e-03
8.6066e-03
9.4788e-03
9.4471e-03
8.8500e-03
9.1219e-03
9.7340e-03
9.8993e-03
1.0282e-02
1.0134e-02
9.6014e-03
9.3684e-03
9.7746e-03
9.6067e-03
9.5455e-03
9.0603e-03
8.1017e-03
7.6139e-03
7.4657e-03
6.8415e-03
5.4805e-03
4.3861e-03
3.9606e-03
3.5096e-03
2.9778e-03
2.7126e-03
2.6836e-03
2.7262e-03
2.4116e-03
9.6434e-04
-8.7407e-04
-2.1281e-03
-2.2148e-03
-1.0820e-03
-8.2192e-04
-1.7216e-03
-2.3264e-03
-1.6856e-03
-7.1959e-05
9.2888e-04
5.8129e-04
3.8374e-04
1.3454e-03
2.6845e-03
3.8915e-03
4.4871e-03
4.1860e-03
3.4580e-03
2.8559e-03
1.6708e-03
6.5596e-05
-6.1137e-04
7.7901e-05
1.0611e-03
1.4222e-03
1.2068e-03
8.4572e-04
4.2307e-04
-2.3247e-04
-5.1393e-04
-1.5080e-04
1.6703e-04
5.3225e-04
1.4134e-03
2.9959e-03
4.3348e-03
4.9499e-03
5.6625e-03
7.0594e-03
9.1939e-03
1.1290e-02
1.1907e-02
1.1034e-02
9.9424e-03
9.6515e-03
9.7326e-03
9.9697e-03
1.0661e-02
1.1796e-02
1.3398e-02
1.4520e-02
1.4135e-02
1.2378e-02
1.1360e-02
1.1991e-02
1.2322e-02
1.1505e-02
9.8818e-03
8.4713e-03
8.1170e-03
7.5893e-03
5.9695e-03
4.1671e-03
2.8857e-03
1.8797e-03
5.2351e-04
-8.9833e-04
-2.0149e-03
-2.8616e-03
-3.6420e-03
-3.9758e-03
-3.9468e-03
-4.4617e-03
-5.4040e-03
-7.0584e-03
-9.1799e-03
-1.1082e-02
-1.2424e-02
-1.2898e-02
-1.2536e-02
-1.1683e-02
-1.1346e-02
-1.2049e-02
-1.2714e-02
-1.2093e-02
-1.0258e-02
-8.1143e-03
-6.5837e-03
-6.1164e-03
-6.1308e-03
-5.7345e-03
-5.3399e-03
-5.4041e-03
-5.3158e-03
-5.2456e-03
-6.0724e-03
-7.7575e-03
-9.1630e-03
-9.1849e-03
-8.6610e-03
-8.8648e-03
-9.3272e-03
-8.8138e-03
-6.9466e-03
-4.7179e-03
-3.6883e-03
-3.8259e-03
-4.3719e-03
-4.8963e-03
-6.0675e-03
-7.4497e-03
-8.1964e-03
-9.0335e-03
-9.8938e-03
-1.0550e-02
-1.0735e-02
-9.5415e-03
-7.6094e-03
-6.2282e-03
-5.5459e-03
-5.3882e-03
-5.1840e-03
-4.4786e-03
-4.0199e-03
-4.2099e-03
-4.0380e-03
-3.8484e-03
-5.0923e-03
-6.8028e-03
-7.5362e-03
-7.0794e-03
-6.1629e-03
-5.7946e-03
-5.6949e-03
-5.1115e-03
-3.9214e-03
-3.3282e-03
-3.8678e-03
-4.9738e-03
-5.7600e-03
-6.0915e-03
-6.5784e-03
-7.0672e-03
-7.2906e-03
-7.2511e-03
-6.6143e-03
-4.8420e-03
-2.5862e-03
-9.2153e-04
-3.9069e-04
-4.0579e-04
-5.4312e-04
-1.3434e-03
-2.2630e-03
-2.5254e-03
-2.1093e-03
-1.7314e-03
-2.3059e-03
-3.1392e-03
-3.8580e-03
-4.5089e-03
-4.9665e-03
-5.0288e-03
-4.9636e-03
-4.6190e-03
-3.9584e-03
-3.3909e-03
-3.2612e-03
-2.8389e-03
-1.7443e-03
-5.9247e-04
1.1580e-04
1.1158e-04
1.5147e-04
7.5597e-04
1.7628e-03
2.5119e-03
2.6406e-03
2.4576e-03
2.5672e-03
3.3183e-03
4.3275e-03
5.2917e-03
5.8263e-03
6.1022e-03
6.6717e-03
7.5619e-03
8.8570e-03
1.0526e-02
1.2225e-02
1.3356e-02
1.3781e-02
1.4538e-02
1.5784e-02
1.7321e-02
1.8730e-02
1.9124e-02
1.8610e-02
1.8416e-02
1.8530e-02
1.7955e-02
1.6711e-02
1.5495e-02
1.4290e-02
1.2842e-02
1.1696e-02
1.1428e-02
1.1072e-02
9.7582e-03
8.0572e-03
7.0771e-03
7.0912e-03
7.7366e-03
8.9122e-03
1.0173e-02
1.0825e-02
1.1145e-02
1.1622e-02
1.1697e-02
1.1456e-02
1.0425e-02
8.4454e-03
6.6131e-03
5.5751e-03
5.3574e-03
5.1399e-03
4.4754e-03
3.7774e-03
3.0919e-03
2.3208e-03
1.8134e-03
9.9401e-04
-5.1756e-05
-1.1529e-03
-2.7890e-03
-4.3499e-03
-4.6907e-03
-4.2929e-03
-4.6801e-03
-5.8843e-03
-6.8238e-03
-6.6557e-03
-6.0341e-03
-6.0161e-03
-6.4728e-03
-6.8554e-03
-6.9581e-03
-7.2748e-03
-8.3526e-03
-9.6774e-03
-1.0371e-02
-1.0355e-02
-1.0479e-02
-1.1198e-02
-1.2347e-02
-1.2900e-02
-1.3008e-02
-1.3231e-02
-1.2873e-02
-1.1636e-02
-9.8363e-03
-8.5658e-03
-8.3295e-03
-8.6146e-03
-8.2577e-03
-6.3470e-03
-3.9519e-03
-2.3018e-03
-1.5788e-03
-1.0992e-03
9.7570e-04
2.7227e-03
1.6162e-03
-9.2279e-04
-2.3817e-03
-2.2916e-03
-1.4937e-03
-5.8161e-04
6.7276e-05
-2.7224e-04
2.3422e-04
9.6740e-04
7.3927e-04
2.0171e-04
3.9416e-04
7.5038e-04
1.0083e-03
8.7447e-04
-2.3753e-04
-2.0425e-03
-4.4787e-03
-6.9702e-03
-8.5039e-03
-1.0242e-02
-1.1797e-02
-1.2834e-02
-1.4165e-02
-1.5173e-02
-1.5481e-02
-1.4688e-02
-1.3728e-02
-1.3983e-02
-1.4399e-02
-1.3607e-02
-1.3742e-02
-1.5668e-02
-1.8650e-02
-2.0240e-02
-2.0911e-02
-2.1045e-02
-2.0584e-02
-2.0961e-02
-2.0622e-02
-1.8895e-02
-1.6568e-02
-1.3889e-02
-1.1486e-02
-1.0470e-02
-9.8672e-03
-8.1121e-03
-6.7593e-03
-7.4578e-03
-8.2566e-03
-9.3453e-03
-9.8893e-03
-1.0049e-02
-1.0358e-02
-1.0012e-02
-9.8558e-03
-1.0292e-02
-1.0126e-02
-1.0091e-02
-9.9307e-03
-1.0632e-02
-1.0721e-02
-8.9522e-03
-5.9792e-03
-3.6668e-03
-2.7222e-03
-2.5623e-03
-2.7352e-03
-2.7079e-03
-1.9627e-03
-1.5301e-03
-1.9879e-03
-3.0916e-03
-4.1186e-03
-4.3014e-03
-3.3683e-03
-1.5636e-03
-3.7237e-04
-1.3639e-04
1.3974e-03
3.7389e-03
4.9305e-03
6.2367e-03
7.4473e-03
7.9206e-03
7.8231e-03
7.7543e-03
8.4217e-03
9.4123e-03
9.8513e-03
9.2822e-03
9.4280e-03
1.0613e-02
1.0794e-02
1.1421e-02
1.3243e-02
1.5430e-02
1.6625e-02
1.6042e-02
1.5320e-02
1.4834e-02
1.3201e-02
1.2097e-02
1.1575e-02
9.4686e-03
8.0693e-03
8.6719e-03
8.8896e-03
7.6957e-03
5.3954e-03
3.2093e-03
1.4367e-03
7.1361e-04
1.6555e-04
2.8771e-04
7.3501e-04
2.4936e-04
-2.1151e-03
-3.8879e-03
-5.6557e-03
-6.1204e-03
-5.5752e-03
-4.8923e-03
-4.8657e-03
-4.5118e-03
-4.0191e-03
-3.0396e-03
-2.2433e-03
-2.5366e-03
-2.9614e-03
-3.2420e-03
-3.7112e-03
-3.8623e-03
-3.9433e-03
-4.4554e-03
-4.6758e-03
-4.7335e-03
-3.9956e-03
-3.0012e-03
-1.2916e-03
-3.4308e-04
-5.6730e-05
7.9854e-04
1.8392e-03
3.0799e-03
5.2181e-03
6.4556e-03
6.1087e-03
5.4419e-03
5.2418e-03
6.7348e-03
8.0953e-03
7.4356e-03
5.9964e-03
5.2902e-03
6.0367e-03
6.6689e-03
5.8250e-03
5.1637e-03
5.3883e-03
5.8760e-03
6.1188e-03
6.0804e-03
6.0023e-03
6.6005e-03
7.4814e-03
8.5346e-03
9.3726e-03
1.0107e-02
9.5324e-03
8.0078e-03
6.6444e-03
6.3842e-03
5.9958e-03
4.8851e-03
4.2568e-03
3.5321e-03
4.0920e-03
4.8758e-03
4.7601e-03
3.5701e-03
1.0216e-03
-1.2048e-03
-2.3879e-03
-3.2965e-03
-2.6607e-03
-1.2033e-03
-1.0607e-03
-8.4789e-04
6.2563e-04
2.0735e-03
3.1832e-03
3.8031e-03
4.4138e-03
3.7902e-03
1.6563e-03
-6.7199e-04
-2.5263e-03
-3.2882e-03
-3.7367e-03
-3.6222e-03
-3.0916e-03
-2.8359e-03
-2.2721e-03
-4.6805e-04
8.0420e-04
6.7210e-05
-1.6410e-04
6.9309e-04
-2.3015e-04
-1.2185e-03
-7.5308e-04
-6.2676e-05
-3.9951e-04
-2.7320e-03
-5.0255e-03
-5.1871e-03
-4.4328e-03
-3.7029e-03
-3.1074e-03
-3.8222e-03
-5.0945e-03
-6.9121e-03
-6.5758e-03
-5.6015e-03
-5.8252e-03
-5.8660e-03
-6.1725e-03
-7.3781e-03
-8.5465e-03
-8.8828e-03
-8.6273e-03
-8.2849e-03
-7.5818e-03
-6.8606e-03
-6.6184e-03
-6.1541e-03
-6.1541e-03
-7.2996e-03
-7.9073e-03
-8.1091e-03
-8.9615e-03
-9.3006e-03
-8.7892e-03
-7.6871e-03
-6.7438e-03
-7.2747e-03
-9.1098e-03
-1.0649e-02
-1.0373e-02
-9.6895e-03
-9.8171e-03
-1.0780e-02
-1.1365e-02
-1.1521e-02
-1.1259e-02
-1.0939e-02
-9.6999e-03
-7.1163e-03
-5.1413e-03
-4.8118e-03
-5.5804e-03
-6.9206e-03
-8.3527e-03
-9.2385e-03
-1.0300e-02
-1.2819e-02
-1.5280e-02
-1.6160e-02
-1.5859e-02
-1.5200e-02
-1.4241e-02
-1.2706e-02
-1.0551e-02
-8.7939e-03
-7.6488e-03
-6.6304e-03
-5.7439e-03
-4.8132e-03
-3.8787e-03
-2.9391e-03
-2.6779e-03
-3.9135e-03
-5.9319e-03
-6.7845e-03
-6.0132e-03
-4.2937e-03
-2.8656e-03
-2.4248e-03
-1.9197e-03
-1.2345e-03
-8.5579e-04
-5.5295e-04
-1.6796e-04
-2.8111e-04
-7.3861e-04
-7.2964e-04
4.3590e-05
1.1213e-03
1.7926e-03
1.8956e-03
2.3137e-03
3.2816e-03
3.6318e-03
2.6128e-03
7.3484e-04
-4.0862e-05
1.0611e-03
2.4654e-03
2.1911e-03
2.9529e-04
-9.6405e-04
-5.7517e-04
4.9320e-04
1.1687e-03
1.9418e-03
3.0778e-03
3.4517e-03
2.4306e-03
1.2948e-03
8.8014e-04
3.9277e-04
-4.3554e-04
-9.9914e-04
-3.8959e-04
8.4492e-04
1.6570e-03
2.4775e-03
4.1377e-03
6.2250e-03
7.4086e-03
7.5131e-03
7.6093e-03
8.2361e-03
9.2854e-03
1.0862e-02
1.1681e-02
1.1838e-02
1.1933e-02
1.2048e-02
1.1146e-02
1.0048e-02
9.4517e-03
9.6066e-03
9.3230e-03
7.6126e-03
5.3595e-03
4.3087e-03
4.3753e-03
4.4465e-03
4.8418e-03
5.8827e-03
6.5104e-03
6.1674e-03
6.5666e-03
6.8945e-03
6.3119e-03
5.5712e-03
4.7432e-03
3.5518e-03
2.9352e-03
2.3529e-03
1.3410e-03
6.5322e-04
4.0348e-04
-3.9487e-05
-7.7742e-04
-6.7631e-04
5.2426e-04
9.7599e-04
4.6698e-04
8.2715e-04
1.1021e-03
1.4657e-03
2.0086e-03
2.9842e-03
4.5191e-03
6.2354e-03
6.0650e-03
5.6771e-03
5.6585e-03
5.4195e-03
4.7284e-03
3.8044e-03
2.2082e-03
5.5454e-04
3.9361e-05
1.7589e-04
-7.2878e-04
-1.8902e-03
-2.6619e-03
-3.8486e-03
-4.1071e-03
-3.5653e-03
-3.6572e-03
-4.4923e-03
-5.1051e-03
-5.3112e-03
-5.1611e-03
-5.6769e-03
-6.5330e-03
-7.6609e-03
-7.9475e-03
-7.9001e-03
-7.5058e-03
-6.2984e-03
-5.3112e-03
-5.6931e-03
-6.1514e-03
-5.3267e-03
-4.6775e-03
-4.8381e-03
-4.6953e-03
-3.8522e-03
-2.1007e-03
-4.8265e-04
2.6244e-04
1.3465e-03
2.6759e-03
4.0561e-03
5.6351e-03
7.1589e-03
8.3087e-03
9.7434e-03
1.1067e-02
1.1671e-02
1.2418e-02
1.3818e-02
1.5525e-02
1.6845e-02
1.8322e-02
1.9545e-02
1.9909e-02
1.9912e-02
2.0431e-02
2.1391e-02
2.2468e-02
2.3065e-02
2.2276e-02
2.0575e-02
1.9518e-02
2.0127e-02
2.1344e-02
2.1968e-02
2.2127e-02
2.3113e-02
2.4425e-02
2.5021e-02
2.4948e-02
2.4828e-02
2.5214e-02
2.5056e-02
2.3273e-02
2.1235e-02
2.0045e-02
2.0167e-02
2.0598e-02
2.0719e-02
1.9877e-02
1.8864e-02
1.8225e-02
1.7814e-02
1.7859e-02
1.8113e-02
1.8736e-02
1.8880e-02
1.9013e-02
1.9461e-02
2.0011e-02
1.9240e-02
1.7227e-02
1.5879e-02
1.5884e-02
1.5033e-02
1.3037e-02
1.0528e-02
8.0228e-03
6.0292e-03
4.0047e-03
2.6576e-03
2.4974e-03
3.4109e-03
4.1526e-03
3.7740e-03
3.2788e-03
3.1105e-03
2.2236e-03
1.3720e-03
3.9535e-04
-1.5417e-04
-1.1442e-04
1.0784e-03
3.2415e-03
4.9567e-03
5.0389e-03
3.8451e-03
2.1707e-03
7.3687e-05
-1.4147e-03
-2.3946e-03
-3.6216e-03
-5.2907e-03
-7.0516e-03
-8.2616e-03
-9.0497e-03
-9.3837e-03
-8.9133e-03
-8.8126e-03
-9.1861e-03
-8.9753e-03
-8.1881e-03
-7.2706e-03
-7.1636e-03
-7.5555e-03
-6.9544e-03
-6.6809e-03
-6.7712e-03
-6.3322e-03
-4.8147e-03
-3.1750e-03
-2.4961e-03
-2.0473e-03
-1.5396e-03
-9.7733e-04
-1.6306e-03
-3.2244e-03
-4.6353e-03
-5.4797e-03
-6.0419e-03
-6.6787e-03
-7.3060e-03
-7.6034e-03
-8.1532e-03
-8.7436e-03
-8.1942e-03
-7.3910e-03
-7.5696e-03
-8.0467e-03
-7.8122e-03
-7.4417e-03
-7.5712e-03
-7.7867e-03
-7.6667e-03
-6.9940e-03
-6.6192e-03
-6.8323e-03
-6.8096e-03
-6.6026e-03
-6.4107e-03
-6.4046e-03
-6.4227e-03
-5.3087e-03
-3.3150e-03
-1.6127e-03
-1.0933e-03
-1.3554e-03
-9.8604e-04
5.4606e-04
2.3054e-03
3.8931e-03
4.5178e-03
4.0347e-03
3.6184e-03
3.1938e-03
1.6280e-03
-3.4253e-04
-1.7400e-03
-1.4579e-03
-8.6055e-04
-9.1630e-04
-9.8064e-04
-1.0999e-03
-1.1277e-03
-1.1245e-03
-5.6077e-04
-2.1683e-04
-2.3663e-05
3.0312e-04
1.0122e-03
1.3722e-03
1.4562e-03
1.8321e-03
3.1337e-03
4.2015e-03
3.6799e-03
3.0803e-03
3.1158e-03
2.7929e-03
1.5216e-03
3.2356e-04
-4.4866e-05
1.9122e-04
4.5935e-04
4.5198e-04
1.8590e-04
-5.8688e-04
-1.4504e-03
-1.7525e-03
-1.6431e-03
-7.6997e-04
8.6270e-05
2.4179e-04
-1.2415e-03
-2.6008e-03
-3.1223e-03
-2.3701e-03
-1.9657e-03
-2.8994e-03
-4.4806e-03
-6.4107e-03
-7.8173e-03
-7.7438e-03
-6.3506e-03
-5.9361e-03
-7.3307e-03
-9.4170e-03
-1.0216e-02
-1.0323e-02
-1.0947e-02
-1.1823e-02
-1.2444e-02
-1.3017e-02
-1.2786e-02
-1.1519e-02
-1.0240e-02
-9.1745e-03
-8.0257e-03
-7.2923e-03
-6.9677e-03
-6.7240e-03
-6.9052e-03
-7.6066e-03
-9.0457e-03
-1.0573e-02
-1.0207e-02
-8.3480e-03
-6.9303e-03
-6.7769e-03
-7.6073e-03
-8.5512e-03
-8.2552e-03
-6.7519e-03
-4.9713e-03
-3.5390e-03
-3.6091e-03
-5.0165e-03
-5.9129e-03
-5.3439e-03
-4.2377e-03
-3.7165e-03
-3.8704e-03
-4.2298e-03
-4.1506e-03
-3.6424e-03
-3.5713e-03
-3.9405e-03
-3.7099e-03
-2.5586e-03
-1.5720e-03
-1.0323e-03
-5.5258e-04
-1.3671e-04
2.4917e-04
1.2278e-03
2.3862e-03
3.3656e-03
4.4129e-03
4.7048e-03
3.9260e-03
2.7622e-03
2.1888e-03
2.7252e-03
3.8647e-03
4.1618e-03
3.3436e-03
2.3883e-03
1.6735e-03
1.0677e-03
3.9755e-04
-4.2658e-04
-1.7190e-03
-3.3809e-03
-4.4290e-03
-4.9905e-03
-5.5036e-03
-5.5494e-03
-5.3589e-03
-5.9850e-03
-6.7927e-03
-6.4416e-03
-5.1639e-03
-4.2330e-03
-4.1040e-03
-4.4469e-03
-4.7345e-03
-4.7460e-03
-4.1738e-03
-3.6883e-03
-4.3291e-03
-5.6788e-03
-6.1529e-03
-5.3991e-03
-4.0970e-03
-3.4113e-03
-3.5128e-03
-3.9938e-03
-5.0867e-03
-6.7580e-03
-8.0645e-03
-8.4225e-03
-8.7110e-03
-9.3646e-03
-1.0381e-02
-1.0878e-02
-1.0467e-02
-9.9711e-03
-9.7522e-03
-9.3782e-03
-9.2337e-03
-9.1775e-03
-8.2520e-03
-7.0621e-03
-5.9426e-03
-5.7259e-03
-6.3853e-03
-7.0932e-03
-7.7446e-03
-8.2849e-03
-7.9559e-03
-7.6154e-03
-7.3685e-03
-6.9878e-03
-5.7800e-03
-4.6420e-03
-4.1110e-03
-4.3110e-03
-5.0512e-03
-6.4877e-03
-7.6106e-03
-7.9890e-03
-8.1685e-03
-7.6995e-03
-6.5387e-03
-5.7534e-03
-6.0968e-03
-6.8070e-03
-6.7740e-03
-5.8708e-03
-4.9922e-03
-3.9417e-03
-2.2507e-03
-9.9863e-04
-1.0921e-03
-1.8187e-03
-2.2495e-03
-2.4843e-03
-2.1364e-03
-5.0201e-04
2.0549e-03
3.6501e-03
3.8268e-03
4.3567e-03
4.7952e-03
4.6000e-03
4.1437e-03
3.9911e-03
4.0728e-03
4.2420e-03
4.3029e-03
4.6740e-03
5.3188e-03
5.4380e-03
5.4857e-03
5.9714e-03
6.4758e-03
6.2799e-03
5.4575e-03
5.1655e-03
5.3939e-03
5.3315e-03
5.0221e-03
5.2021e-03
6.3665e-03
8.1340e-03
9.1292e-03
8.3901e-03
7.1885e-03
7.0012e-03
7.2256e-03
7.3577e-03
7.3459e-03
6.8771e-03
5.9594e-03
4.9537e-03
4.7184e-03
5.1249e-03
5.1775e-03
5.4479e-03
6.5896e-03
7.4301e-03
7.0116e-03
5.8393e-03
4.6365e-03
3.7617e-03
2.8048e-03
1.6531e-03
8.9714e-04
4.8219e-04
-1.1484e-04
-6.8042e-04
-4.2149e-04
7.7026e-04
1.7171e-03
2.2021e-03
2.8953e-03
3.9861e-03
4.4559e-03
3.5874e-03
1.7507e-03
5.8567e-04
7.9366e-04
5.5872e-04
-8.1961e-04
-2.0643e-03
-2.7182e-03
-2.6796e-03
-1.8425e-03
-8.5613e-04
-2.6379e-04
-1.1338e-04
3.2932e-04
8.2373e-04
1.0666e-03
7.7036e-04
5.1327e-04
1.0235e-03
1.7681e-03
2.1087e-03
1.9483e-03
8.9558e-04
-7.7902e-04
-2.2037e-03
-2.6406e-03
-1.6938e-03
-6.1536e-04
-2.5388e-04
-1.4866e-04
6.4112e-04
1.8150e-03
2.2102e-03
1.5109e-03
3.2584e-04
-3.7707e-04
-3.3797e-04
3.7793e-04
9.4741e-04
6.7148e-04
2.4818e-05
-3.4288e-04
-2.7928e-04
3.0967e-04
7.9318e-04
1.6641e-04
-7.9607e-04
-1.2777e-03
-1.1361e-03
-4.2855e-04
1.0182e-03
2.7629e-03
4.3761e-03
4.8736e-03
4.4437e-03
4.2986e-03
4.0407e-03
3.6093e-03
3.2726e-03
3.1774e-03
2.6864e-03
1.8814e-03
8.4972e-04
-1.7315e-05
-3.0157e-04
3.8362e-04
1.9062e-03
3.1550e-03
2.4544e-03
1.0518e-03
1.1140e-03
2.4143e-03
3.9640e-03
4.9288e-03
4.5470e-03
4.4553e-03
5.4761e-03
7.4572e-03
8.4908e-03
8.6651e-03
9.0973e-03
8.5266e-03
7.6387e-03
7.0237e-03
6.6030e-03
6.4600e-03
5.8052e-03
3.6851e-03
1.5780e-03
1.4080e-03
1.2618e-03
3.5602e-04
-3.5640e-04
-6.0675e-04
-4.1568e-04
1.0086e-03
2.8293e-03
4.0662e-03
3.9946e-03
2.3777e-03
1.5274e-03
7.2472e-04
-7.7020e-04
-1.3608e-03
-8.1407e-04
-8.9696e-04
-1.6274e-03
-2.2693e-03
-2.4412e-03
-2.8853e-03
-2.3436e-03
-2.2113e-03
-2.5065e-03
-1.7545e-03
-8.0355e-04
-1.0309e-03
-2.0319e-03
-2.4827e-03
-1.9319e-03
-1.3690e-03
-9.4087e-04
-5.6340e-04
-5.4823e-04
-6.2565e-04
-3.9652e-04
8.7185e-04
1.6201e-03
8.9686e-04
1.3789e-04
-5.1560e-04
-1.7407e-03
-3.4212e-03
-5.0839e-03
-5.9262e-03
-5.7531e-03
-4.7656e-03
-3.8967e-03
-3.7768e-03
-4.0966e-03
-4.4014e-03
-4.7336e-03
-5.8178e-03
-6.5128e-03
-6.2444e-03
-5.9494e-03
-6.5989e-03
-8.0327e-03
-8.8432e-03
-9.2609e-03
-9.8251e-03
-1.0116e-02
-9.8592e-03
-8.7208e-03
-7.2905e-03
-6.5401e-03
-7.1895e-03
-8.4786e-03
-8.7402e-03
-8.3594e-03
-8.4618e-03
-8.6874e-03
-8.0777e-03
-7.0394e-03
-6.2877e-03
-5.3401e-03
-4.1906e-03
-3.1575e-03
-2.3035e-03
-1.5338e-03
-1.0032e-03
-9.0459e-04
-1.0299e-03
-1.6715e-03
-3.1295e-03
-4.4192e-03
-4.7265e-03
-4.4374e-03
-4.1134e-03
-3.8691e-03
-3.7109e-03
-4.0378e-03
-4.5270e-03
-4.7410e-03
-4.6834e-03
-4.9686e-03
-5.7468e-03
-6.4178e-03
-6.9875e-03
-7.6296e-03
-8.0509e-03
-7.8015e-03
-7.3817e-03
-7.5890e-03
-8.5093e-03
-9.2704e-03
-9.0739e-03
-7.7031e-03
-5.7520e-03
-3.8859e-03
-2.3728e-03
-1.3587e-03
-6.6001e-04
-3.5739e-04
-3.2431e-04
-3.8397e-04
-7.1326e-04
-1.0368e-03
-1.1274e-03
-1.0089e-03
-1.6549e-04
9.6114e-04
1.5966e-03
1.5448e-03
1.2591e-03
7.2616e-04
4.1273e-04
3.8526e-04
9.4334e-04
1.7445e-03
1.4585e-03
-1.5865e-04
-1.4827e-03
-1.4120e-03
-5.6778e-04
4.8316e-05
4.5833e-04
4.7802e-04
-4.4307e-04
-1.7791e-03
-2.4519e-03
-2.3213e-03
-1.9387e-03
-2.1468e-03
-2.6694e-03
-3.4404e-03
-4.2277e-03
-4.2964e-03
-3.8858e-03
-3.8128e-03
-3.9498e-03
-3.2405e-03
-2.1473e-03
-1.3503e-03
-4.1785e-04
4.3819e-04
4.5289e-04
1.7488e-04
5.9071e-04
1.5820e-03
2.7284e-03
3.4026e-03
3.6630e-03
3.5949e-03
2.9119e-03
2.2947e-03
1.9051e-03
1.6673e-03
1.9142e-03
1.8532e-03
2.7288e-04
-1.9174e-03
-3.4239e-03
-4.1465e-03
-4.2787e-03
-3.6296e-03
-2.3494e-03
-1.0486e-03
1.5058e-04
6.1814e-04
1.0950e-03
2.0856e-03
3.2553e-03
4.2732e-03
4.8696e-03
5.3308e-03
6.8922e-03
7.5019e-03
6.2899e-03
5.2499e-03
4.5018e-03
3.1099e-03
2.2148e-03
1.9664e-03
2.3472e-03
3.1080e-03
4.0010e-03
4.8975e-03
6.4404e-03
8.4645e-03
9.7528e-03
1.0324e-02
9.9909e-03
9.1387e-03
8.3449e-03
8.5450e-03
9.8273e-03
1.0536e-02
1.0921e-02
1.1883e-02
1.3327e-02
1.4298e-02
1.4303e-02
1.3322e-02
1.2167e-02
1.1171e-02
1.0347e-02
8.8062e-03
6.5587e-03
4.5978e-03
3.7342e-03
3.8089e-03
3.9851e-03
3.5122e-03
3.2666e-03
3.6806e-03
4.4869e-03
4.8070e-03
4.9366e-03
5.2265e-03
5.2050e-03
4.7130e-03
4.5961e-03
4.9438e-03
4.6284e-03
3.9197e-03
3.4751e-03
3.1402e-03
1.7434e-03
-5.6454e-04
-2.7460e-03
-4.1791e-03
-4.2574e-03
-3.8999e-03
-3.4365e-03
-2.9038e-03
-2.2658e-03
-1.7219e-03
-1.4325e-03
-6.7198e-04
5.0018e-04
8.1448e-04
2.5323e-04
-8.8635e-05
5.0426e-04
1.1538e-03
4.7432e-05
-2.3016e-03
-4.2450e-03
-5.8105e-03
-6.9714e-03
-7.8276e-03
-8.4146e-03
-8.2589e-03
-6.7661e-03
-4.5557e-03
-3.0268e-03
-1.6581e-03
-6.6597e-04
-5.5598e-04
-1.5492e-03
-3.4283e-03
-5.7966e-03
-7.3665e-03
-7.3784e-03
-6.2301e-03
-5.4598e-03
-6.3461e-03
-6.7468e-03
-5.2930e-03
-2.7919e-03
1.2334e-04
2.5080e-03
3.9590e-03
4.5496e-03
4.7853e-03
4.0324e-03
2.7162e-03
1.4859e-03
2.2969e-04
-4.7123e-04
-4.0211e-04
3.3954e-04
7.9219e-04
1.6031e-03
2.9377e-03
5.0561e-03
7.8978e-03
9.7213e-03
1.0086e-02
1.0299e-02
1.0934e-02
1.1691e-02
1.1279e-02
1.0216e-02
1.0255e-02
1.1053e-02
1.1671e-02
1.1721e-02
1.1479e-02
1.1094e-02
1.0217e-02
8.6719e-03
7.0419e-03
6.1372e-03
6.1797e-03
6.6406e-03
7.3440e-03
7.5997e-03
8.4719e-03
1.0364e-02
1.2319e-02
1.3247e-02
1.2756e-02
1.0965e-02
9.0726e-03
7.5912e-03
7.4900e-03
8.7272e-03
9.2506e-03
8.4312e-03
6.9068e-03
5.6506e-03
5.1380e-03
5.3754e-03
5.1726e-03
4.0632e-03
2.7054e-03
1.2888e-03
1.4081e-05
-8.0581e-04
-1.1607e-03
-5.6718e-04
6.7393e-04
9.5047e-04
-5.3245e-04
-2.2609e-03
-2.5864e-03
-1.4188e-03
3.9072e-04
2.2348e-03
3.2394e-03
3.1377e-03
2.1086e-03
9.2671e-05
-1.8700e-03
-2.8542e-03
-2.9981e-03
-2.7713e-03
-3.2622e-03
-4.3689e-03
-4.7412e-03
-4.3405e-03
-3.8648e-03
-3.4335e-03
-2.5014e-03
-6.8337e-04
1.6112e-03
3.3046e-03
4.1567e-03
4.3674e-03
3.9666e-03
2.6311e-03
5.7840e-04
-1.0658e-03
-2.2293e-03
-3.5578e-03
-5.2922e-03
-6.8779e-03
-8.0028e-03
-8.7860e-03
-9.5204e-03
-1.0712e-02
-1.2390e-02
-1.3855e-02
-1.4455e-02
-1.4298e-02
-1.3217e-02
-1.1598e-02
-1.0243e-02
-9.4729e-03
-9.3406e-03
-9.8872e-03
-1.0726e-02
-1.0759e-02
-9.4897e-03
-7.8699e-03
-7.0703e-03
-6.8397e-03
-6.9058e-03
-7.3246e-03
-7.7407e-03
-8.2443e-03
-8.9114e-03
-9.3428e-03
-9.7916e-03
-1.0487e-02
-1.0969e-02
-1.0720e-02
-1.0621e-02
-1.1115e-02
-1.1007e-02
-1.0078e-02
-8.8197e-03
-7.3843e-03
-5.8196e-03
-4.2193e-03
-3.3483e-03
-3.6705e-03
-4.4183e-03
-5.5300e-03
-6.9388e-03
-8.5551e-03
-1.0147e-02
-1.0963e-02
-1.0940e-02
-1.0636e-02
-1.0100e-02
-8.2650e-03
-5.5243e-03
-3.3946e-03
-2.0736e-03
-1.6725e-03
-2.5201e-03
-3.8133e-03
-4.4325e-03
-4.2720e-03
-4.2353e-03
-4.4322e-03
-4.2948e-03
-3.9158e-03
-2.9087e-03
-1.3506e-03
-3.3558e-04
-6.4580e-04
-2.1393e-03
-3.3191e-03
-3.5261e-03
-3.4100e-03
-2.9834e-03
-2.3179e-03
-1.9194e-03
-1.5586e-03
-1.3005e-03
-1.1718e-03
-8.0154e-04
-4.0369e-04
-2.2335e-04
-3.1176e-04
-8.7831e-04
-2.1197e-03
-3.4599e-03
-4.8636e-03
-5.9889e-03
-6.8398e-03
-7.8865e-03
-9.1510e-03
-1.1008e-02
-1.2282e-02
-1.1751e-02
-9.7331e-03
-6.8007e-03
-4.3467e-03
-3.5207e-03
-3.5698e-03
-3.6345e-03
-3.3036e-03
-1.9976e-03
-6.5426e-04
-1.7671e-04
1.4799e-04
1.2626e-03
2.4468e-03
2.8631e-03
2.6875e-03
2.4288e-03
2.3811e-03
2.5114e-03
2.6313e-03
2.3869e-03
1.8191e-03
1.4909e-03
9.1096e-04
-1.4518e-04
-4.2804e-04
8.6339e-04
2.6660e-03
3.9270e-03
4.5185e-03
4.9180e-03
4.9875e-03
4.3608e-03
3.1790e-03
1.2852e-03
-5.5744e-04
-8.3217e-04
7.4044e-04
2.3927e-03
2.8091e-03
2.5771e-03
2.9930e-03
3.7653e-03
3.9142e-03
4.3120e-03
4.7302e-03
4.0723e-03
2.6771e-03
1.7160e-03
1.5959e-03
1.6031e-03
1.0263e-03
-2.5731e-04
-2.3428e-03
-4.3856e-03
-5.0064e-03
-4.0820e-03
-2.7153e-03
-1.9618e-03
-2.3893e-03
-3.3047e-03
-3.7890e-03
-3.9878e-03
-4.4237e-03
-5.4466e-03
-7.1162e-03
-8.4687e-03
-9.2838e-03
-9.7809e-03
-9.2687e-03
-7.8612e-03
-6.3189e-03
-5.2015e-03
-3.8852e-03
-2.3879e-03
-7.5850e-04
1.2476e-03
3.2576e-03
4.7048e-03
5.1993e-03
4.6413e-03
2.8292e-03
2.9527e-04
-1.9010e-03
-3.0477e-03
-3.5468e-03
-4.0656e-03
-4.9503e-03
-5.6586e-03
-5.5361e-03
-5.0017e-03
-4.6817e-03
-4.7167e-03
-4.9505e-03
-5.5229e-03
-6.7159e-03
-8.0111e-03
-8.6030e-03
-8.0561e-03
-6.4481e-03
-3.7653e-03
-9.1241e-04
1.2987e-03
3.5594e-03
5.7491e-03
7.6556e-03
8.8722e-03
8.8807e-03
7.9784e-03
6.5576e-03
5.2872e-03
4.0523e-03
2.6909e-03
1.8337e-03
1.6553e-03
1.8102e-03
2.6970e-03
4.6089e-03
6.8443e-03
9.1017e-03
1.1002e-02
1.2575e-02
1.4034e-02
1.4939e-02
1.5907e-02
1.6892e-02
1.6721e-02
1.5537e-02
1.3866e-02
1.2168e-02
1.0946e-02
9.7725e-03
9.2747e-03
9.6184e-03
1.0549e-02
1.1492e-02
1.2788e-02
1.3746e-02
1.4062e-02
1.3323e-02
1.1856e-02
1.1024e-02
1.1039e-02
1.2002e-02
1.3637e-02
1.5973e-02
1.8407e-02
1.9831e-02
1.9926e-02
1.8909e-02
1.6756e-02
1.4307e-02
1.2848e-02
1.2731e-02
1.3175e-02
1.3465e-02
1.3388e-02
1.3669e-02
1.5332e-02
1.7980e-02
2.0377e-02
2.2093e-02
2.2936e-02
2.3545e-02
2.3681e-02
2.2760e-02
2.1540e-02
2.0004e-02
1.8523e-02
1.7929e-02
1.8037e-02
1.8312e-02
1.8336e-02
1.8177e-02
1.7984e-02
1.7930e-02
1.7994e-02
1.8608e-02
1.9502e-02
1.9948e-02
1.9239e-02
1.7530e-02
1.5074e-02
1.2408e-02
1.0413e-02
8.9979e-03
8.2270e-03
8.0706e-03
8.1146e-03
8.1219e-03
8.6213e-03
9.9996e-03
1.1170e-02
1.1489e-02
1.0581e-02
8.7334e-03
6.7654e-03
5.1397e-03
3.7454e-03
2.9675e-03
2.9064e-03
3.7062e-03
4.6042e-03
4.7896e-03
3.8287e-03
2.0011e-03
1.3088e-03
2.0375e-03
2.8630e-03
3.0902e-03
2.1307e-03
2.9487e-04
-1.7046e-03
-2.8244e-03
-3.3885e-03
-3.1107e-03
-1.7743e-03
-1.2495e-03
-1.8754e-03
-2.0103e-03
-2.0500e-03
-2.4093e-03
-2.6557e-03
-2.6481e-03
-2.4534e-03
-1.7676e-03
-1.0191e-03
-1.4200e-03
-2.4218e-03
-3.0250e-03
-3.7430e-03
-5.7193e-03
-8.9646e-03
-1.2200e-02
-1.4364e-02
-1.5554e-02
-1.5958e-02
-1.5674e-02
-1.4160e-02
-1.1760e-02
-9.0666e-03
-6.5719e-03
-4.3793e-03
-3.2045e-03
-3.7246e-03
-4.4435e-03
-3.3079e-03
-6.1377e-04
1.9475e-03
3.7890e-03
4.9213e-03
5.3537e-03
5.0760e-03
3.9786e-03
1.7130e-03
-8.6079e-04
-3.3318e-03
-4.8535e-03
-5.4945e-03
-5.4897e-03
-6.2550e-03
-7.7767e-03
-9.5962e-03
-1.2127e-02
-1.4907e-02
-1.6286e-02
-1.7004e-02
-1.7839e-02
-1.8738e-02
-1.8994e-02
-1.8415e-02
-1.7397e-02
-1.6592e-02
-1.6500e-02
-1.6744e-02
-1.6944e-02
-1.6740e-02
-1.5738e-02
-1.4149e-02
-1.3088e-02
-1.2661e-02
-1.1621e-02
-1.0150e-02
-8.7063e-03
-7.2937e-03
-6.7033e-03
-7.1595e-03
-7.2481e-03
-5.9140e-03
-3.6513e-03
-1.1820e-03
-1.4567e-04
-2.9849e-04
-1.0459e-03
-1.8951e-03
-2.6287e-03
-3.2426e-03
-4.2770e-03
-6.3164e-03
-8.0273e-03
-8.5208e-03
-8.5081e-03
-9.2815e-03
-9.4787e-03
-8.8823e-03
-9.0092e-03
-9.8240e-03
-1.0793e-02
-1.0699e-02
-9.4636e-03
-8.7430e-03
-8.2032e-03
-6.1953e-03
-2.5664e-03
6.4096e-04
3.1479e-03
6.2821e-03
9.0129e-03
9.4665e-03
7.8506e-03
6.0575e-03
4.4314e-03
3.5167e-03
3.7115e-03
4.9614e-03
6.8922e-03
9.2840e-03
1.1391e-02
1.2249e-02
1.2054e-02
1.1348e-02
9.7447e-03
7.5876e-03
5.6879e-03
4.3915e-03
4.2782e-03
4.3627e-03
3.9964e-03
3.2524e-03
1.4360e-03
-9.8118e-04
-2.9084e-03
-3.6341e-03
-3.3939e-03
-3.0322e-03
-3.1644e-03
-4.2739e-03
-5.9930e-03
-7.1048e-03
-7.0195e-03
-5.8983e-03
-4.5263e-03
-2.8064e-03
-7.8227e-04
1.1680e-03
3.3192e-03
4.7782e-03
5.0956e-03
4.9731e-03
5.3200e-03
5.3132e-03
4.0239e-03
1.6141e-03
-2.6051e-04
-7.6851e-04
-1.1288e-03
-2.2145e-03
-3.8940e-03
-5.8233e-03
-7.0564e-03
-7.1881e-03
-6.8221e-03
-6.2896e-03
-5.3896e-03
-4.5092e-03
-4.2564e-03
-3.8464e-03
-3.1089e-03
-2.9687e-03
-3.4036e-03
-4.2996e-03
-5.8335e-03
-7.3210e-03
-8.5817e-03
-9.6851e-03
-1.0261e-02
-1.0312e-02
-1.0449e-02
-1.1167e-02
-1.1690e-02
-1.1232e-02
-9.8935e-03
-7.9974e-03
-6.0526e-03
-4.4039e-03
-3.5791e-03
-3.6000e-03
-3.8721e-03
-3.9874e-03
-3.8301e-03
-3.2069e-03
-1.8849e-03
-1.3040e-04
1.6431e-03
2.8515e-03
3.1976e-03
3.0141e-03
2.8494e-03
2.9054e-03
3.1520e-03
4.1073e-03
5.7583e-03
7.6607e-03
9.7331e-03
1.1210e-02
1.1633e-02
1.1325e-02
1.0556e-02
7.7196e-03
2.2172e-03
-4.3348e-03
-9.2492e-03
-1.2015e-02
-1.3693e-02
-1.5163e-02
-1.5484e-02
-1.5606e-02
-1.6552e-02
-1.8042e-02
-2.0399e-02
-2.3503e-02
-2.6390e-02
-2.8366e-02
-2.9807e-02
-3.1653e-02
-3.2445e-02
-2.9432e-02
-2.1775e-02
-9.7566e-03
3.3882e-03
1.3499e-02
1.9460e-02
2.2232e-02
2.3194e-02
2.3593e-02
2.3595e-02
2.3392e-02
2.3880e-02
2.4852e-02
2.6091e-02
2.7498e-02
2.8931e-02
2.9920e-02
3.0057e-02
2.8463e-02
2.4505e-02
1.8439e-02
1.0805e-02
3.2322e-03
-1.4678e-03
-2.9306e-03
-1.5236e-03
1.6889e-03
3.7172e-03
2.1802e-03
-2.7755e-03
-9.4222e-03
-1.5025e-02
-1.9636e-02
-2.4330e-02
-2.7860e-02
-2.8548e-02
-2.6130e-02
-2.1077e-02
-1.6305e-02
-1.2850e-02
-9.7674e-03
-7.4441e-03
-6.3719e-03
-7.6292e-03
-1.0109e-02
-1.2243e-02
-1.2218e-02
-8.8635e-03
-2.6515e-03
3.2918e-03
8.2571e-03
1.1622e-02
1.2468e-02
1.1275e-02
7.3302e-03
-1.3567e-04
-8.7339e-03
-1.5743e-02
-1.9607e-02
-1.9630e-02
-1.6973e-02
-1.2077e-02
-5.0209e-03
3.0102e-03
1.0154e-02
1.4257e-02
1.3887e-02
1.0457e-02
5.3907e-03
-4.2739e-04
-5.2425e-03
-8.7852e-03
-1.0448e-02
-1.0420e-02
-9.6656e-03
-9.7304e-03
-1.0666e-02
-1.1588e-02
-1.2445e-02
-1.2796e-02
-1.1938e-02
-1.0145e-02
-7.8638e-03
-4.7713e-03
-1.5548e-03
1.8019e-03
6.9093e-03
1.2667e-02
1.7856e-02
2.2421e-02
2.6096e-02
2.8345e-02
2.8589e-02
2.5699e-02
1.8809e-02
8.5172e-03
-2.2990e-03
-1.1213e-02
-1.7009e-02
-1.9471e-02
-1.8894e-02
-1.6509e-02
-1.4005e-02
-1.1668e-02
-9.3741e-03
-7.8997e-03
-7.9169e-03
-8.6176e-03
-9.2161e-03
-1.0058e-02
-1.1408e-02
-1.2846e-02
-1.3933e-02
-1.5315e-02
-1.7281e-02
-1.8723e-02
-1.8981e-02
-1.7793e-02
-1.4656e-02
-9.7198e-03
-2.6730e-03
5.6528e-03
1.2786e-02
1.7566e-02
1.9637e-02
1.8652e-02
1.5420e-02
1.0901e-02
6.3709e-03
2.3923e-03
-1.0370e-03
-3.6701e-03
-5.1981e-03
-6.0143e-03
-6.4603e-03
-6.3981e-03
-5.5366e-03
-3.9767e-03
-2.4624e-03
-1.7753e-03
-1.8691e-03
-2.1163e-03
-2.1755e-03
-2.5721e-03
-4.1247e-03
-6.1573e-03
-7.4835e-03
-7.3208e-03
-5.0144e-03
-1.9246e-03
6.2443e-04
3.0020e-03
5.5401e-03
7.8291e-03
9.3928e-03
9.9774e-03
9.6515e-03
8.7747e-03
7.8749e-03
6.8260e-03
5.1359e-03
2.9573e-03
1.2344e-03
3.2441e-04
3.6293e-04
1.4940e-03
3.2298e-03
4.9426e-03
6.1844e-03
6.8419e-03
6.8205e-03
5.7640e-03
4.3321e-03
3.0077e-03
1.8643e-03
7.7740e-04
-7.6889e-04
-2.5930e-03
-4.7375e-03
-6.4123e-03
-6.5360e-03
-5.7597e-03
-4.8900e-03
-3.8596e-03
-2.8758e-03
-2.7785e-03
-3.6091e-03
-4.1281e-03
-3.5133e-03
-2.1310e-03
-5.3991e-04
7.2436e-04
1.8309e-03
3.1619e-03
4.3764e-03
5.5333e-03
6.4582e-03
6.1620e-03
4.3156e-03
1.4967e-03
-7.8590e-04
-2.6343e-03
-4.9601e-03
-7.3917e-03
-9.3857e-03
-1.0183e-02
-8.9304e-03
-6.2633e-03
-3.7640e-03
-2.5164e-03
-2.5252e-03
-2.9561e-03
-2.7452e-03
-2.1547e-03
-2.0746e-03
-2.7390e-03
-3.3382e-03
-3.1720e-03
-2.6692e-03
-2.3584e-03
-2.3890e-03
-3.3343e-03
-5.0004e-03
-6.1565e-03
-6.7659e-03
-7.1325e-03
-6.3398e-03
-4.7350e-03
-3.2547e-03
-2.4419e-03
-2.4534e-03
-3.2435e-03
-4.1986e-03
-4.6071e-03
-5.0099e-03
-5.4999e-03
-4.7384e-03
-2.5690e-03
-1.9955e-04
1.6983e-03
3.5667e-03
5.1708e-03
5.7735e-03
5.1245e-03
2.7158e-03
-7.6193e-04
-3.6858e-03
-4.7338e-03
-4.9482e-03
-4.6142e-03
-4.1723e-03
-4.7248e-03
-5.8057e-03
-6.4223e-03
-6.4539e-03
-6.0616e-03
-5.1335e-03
-3.6182e-03
-2.5331e-03
-1.1234e-03
-3.0244e-04
5.9668e-04
1.1779e-03
8.8314e-04
5.6539e-04
1.4526e-04
-1.1212e-03
-2.5456e-03
-3.1851e-03
-3.8116e-03
-4.9596e-03
-6.3001e-03
-7.9790e-03
-9.3925e-03
-9.7694e-03
-9.5507e-03
-9.2588e-03
-9.0585e-03
-8.3235e-03
-7.1888e-03
-6.6187e-03
-6.2199e-03
-5.3161e-03
-3.9842e-03
-1.9446e-03
2.3645e-05
8.9843e-04
4.7020e-04
-6.6593e-04
-1.7311e-03
-2.4634e-03
-3.0341e-03
-3.6944e-03
-4.5375e-03
-5.4790e-03
-6.4201e-03
-7.2960e-03
-7.8769e-03
-7.5803e-03
-6.6558e-03
-5.1895e-03
-3.5403e-03
-1.8865e-03
-3.8710e-04
7.7480e-04
1.9310e-03
3.0734e-03
4.0276e-03
4.0674e-03
2.9193e-03
1.8309e-03
1.9334e-03
3.3867e-03
5.0152e-03
6.1236e-03
7.0888e-03
8.4018e-03
9.6635e-03
1.0301e-02
1.0265e-02
9.4928e-03
7.9758e-03
6.2035e-03
4.5109e-03
3.5080e-03
3.2902e-03
3.4860e-03
3.6423e-03
4.0989e-03
5.2066e-03
6.3529e-03
6.7884e-03
6.6399e-03
5.8227e-03
4.3924e-03
2.6819e-03
1.5228e-03
8.0554e-04
7.8893e-04
1.8570e-03
3.1191e-03
3.5814e-03
3.3978e-03
3.7155e-03
5.1564e-03
6.5172e-03
6.9413e-03
5.9805e-03
4.0970e-03
2.7630e-03
2.6801e-03
2.5646e-03
2.6369e-03
2.4318e-03
3.0940e-03
5.1502e-03
7.3269e-03
7.8630e-03
7.6282e-03
8.3867e-03
9.4895e-03
1.0079e-02
1.0069e-02
9.8511e-03
9.7379e-03
9.7792e-03
9.7372e-03
9.2486e-03
9.1235e-03
9.5367e-03
9.9252e-03
1.0010e-02
9.9252e-03
1.0158e-02
1.1402e-02
1.2436e-02
1.2719e-02
1.2067e-02
1.0563e-02
9.3451e-03
8.4199e-03
7.3990e-03
6.5180e-03
5.7917e-03
5.7768e-03
6.6228e-03
8.3291e-03
9.8413e-03
1.0160e-02
9.7984e-03
9.4043e-03
9.1274e-03
8.6178e-03
8.4541e-03
9.0603e-03
9.8312e-03
1.0379e-02
1.1253e-02
1.2423e-02
1.3202e-02
1.3301e-02
1.3123e-02
1.3276e-02
1.4070e-02
1.4583e-02
1.4108e-02
1.3289e-02
1.2871e-02
1.2244e-02
1.0887e-02
9.0842e-03
7.2651e-03
5.8355e-03
4.6133e-03
3.5726e-03
3.0623e-03
3.0110e-03
3.1003e-03
3.0989e-03
3.0055e-03
2.8812e-03
2.4616e-03
2.1053e-03
2.3674e-03
2.8617e-03
3.1630e-03
3.9254e-03
5.3458e-03
6.4112e-03
7.0414e-03
7.9578e-03
9.0911e-03
9.7640e-03
9.8188e-03
9.6381e-03
9.9968e-03
1.1265e-02
1.2348e-02
1.2270e-02
1.1574e-02
1.1050e-02
1.0631e-02
1.0083e-02
9.6651e-03
8.8008e-03
7.3431e-03
5.8686e-03
4.4791e-03
3.3905e-03
2.9578e-03
3.0146e-03
3.1530e-03
3.1627e-03
3.4411e-03
4.0832e-03
4.2045e-03
3.5106e-03
2.4100e-03
1.4494e-03
1.5031e-03
2.8048e-03
3.9710e-03
3.8509e-03
2.6249e-03
4.6860e-04
-2.0725e-03
-3.7724e-03
-3.7102e-03
-2.5180e-03
-1.5895e-03
-7.5984e-04
7.3757e-04
2.6954e-03
4.6547e-03
6.3788e-03
7.5882e-03
8.3719e-03
8.9765e-03
8.5926e-03
7.1881e-03
6.0143e-03
5.3667e-03
4.9307e-03
4.2426e-03
1.8793e-03
-1.1882e-03
-3.3340e-03
-4.6599e-03
-5.3061e-03
-5.4350e-03
-4.8864e-03
-4.0625e-03
-2.5509e-03
-1.0080e-03
1.9184e-04
8.5069e-04
3.9708e-04
-5.9654e-04
-1.6211e-03
-1.7488e-03
4.2010e-06
2.3291e-03
3.8889e-03
4.3737e-03
3.6540e-03
3.0360e-03
2.8204e-03
2.6738e-03
3.1570e-03
4.4941e-03
5.7709e-03
6.0944e-03
5.2408e-03
3.9951e-03
2.8774e-03
1.1473e-03
-5.8719e-04
-1.3608e-03
-1.2481e-03
-9.6376e-04
-4.6921e-04
-3.8253e-04
-4.3280e-04
-1.6036e-04
7.8139e-05
-4.4822e-04
-1.3122e-03
-1.7614e-03
-1.7059e-03
-1.4174e-03
-5.9880e-05
1.6214e-03
2.7619e-03
2.6594e-03
1.0443e-03
-1.0002e-03
-2.3140e-03
-3.5709e-03
-4.8202e-03
-5.2249e-03
-5.1447e-03
-4.3605e-03
-4.3006e-03
-6.2399e-03
-8.5402e-03
-8.7530e-03
-8.1787e-03
-8.0159e-03
-7.9772e-03
-6.9106e-03
-5.4105e-03
-4.0163e-03
-2.5202e-03
-4.9266e-04
1.2229e-03
2.1201e-03
1.8426e-03
1.0625e-03
7.5398e-04
1.0939e-03
2.1994e-03
3.7196e-03
4.7870e-03
5.4763e-03
5.7070e-03
4.8920e-03
3.1774e-03
1.0207e-03
-1.8632e-03
-4.2301e-03
-5.1543e-03
-4.9172e-03
-4.6934e-03
-4.7596e-03
-4.2194e-03
-2.8333e-03
-1.0307e-03
1.9469e-04
3.2592e-05
-1.3249e-03
-3.2080e-03
-4.6152e-03
-5.3046e-03
-5.7294e-03
-6.3546e-03
-7.2197e-03
-7.6442e-03
-6.5885e-03
-4.6386e-03
-3.1895e-03
-2.7428e-03
-3.6925e-03
-5.2208e-03
-6.0035e-03
-5.8247e-03
-5.3333e-03
-5.1131e-03
-5.6334e-03
-7.0271e-03
-8.8136e-03
-9.7671e-03
-9.3723e-03
-8.5529e-03
-8.1819e-03
-8.3480e-03
-8.6636e-03
-8.8187e-03
-8.7563e-03
-8.3056e-03
-7.9147e-03
-8.4933e-03
-9.3157e-03
-9.3578e-03
-8.8496e-03
-8.4326e-03
-7.6511e-03
-6.3405e-03
-5.0349e-03
-3.8193e-03
-2.8415e-03
-2.3772e-03
-1.4997e-03
-1.4667e-04
7.2709e-04
8.1968e-04
4.8516e-04
-2.4864e-04
-1.4803e-03
-2.5505e-03
-3.3841e-03
-4.4227e-03
-4.9024e-03
-4.1078e-03
-2.8705e-03
-1.7945e-03
-6.9763e-04
1.1676e-04
3.4546e-04
-3.0736e-04
-2.2125e-03
-4.6640e-03
-6.1471e-03
-6.2340e-03
-5.6623e-03
-5.3341e-03
-5.4420e-03
-5.7015e-03
-4.9760e-03
-4.4303e-03
-5.0049e-03
-6.2640e-03
-7.7617e-03
-8.7665e-03
-9.8009e-03
-1.0873e-02
-1.0541e-02
-9.5367e-03
-8.7619e-03
-8.3416e-03
-8.3521e-03
-9.0407e-03
-1.0448e-02
-1.2577e-02
-1.4248e-02
-1.5071e-02
-1.5325e-02
-1.4552e-02
-1.3025e-02
-1.1278e-02
-9.2035e-03
-7.6765e-03
-7.9480e-03
-8.5123e-03
-8.9159e-03
-9.5918e-03
-9.0509e-03
-7.6211e-03
-6.7863e-03
-6.1954e-03
-5.2684e-03
-3.8499e-03
-2.7800e-03
-2.5532e-03
-2.8126e-03
-2.9963e-03
-3.0603e-03
-4.5540e-03
-6.6755e-03
-7.0140e-03
-6.5488e-03
-5.3271e-03
-4.0267e-03
-3.1530e-03
-2.6928e-03
-1.6815e-03
-9.5244e-04
-1.7269e-03
-3.3930e-03
-5.2048e-03
-6.5598e-03
-7.1149e-03
-6.5724e-03
-6.0931e-03
-5.8496e-03
-5.7113e-03
-5.6039e-03
-4.9226e-03
-3.5502e-03
-2.0759e-03
-1.2911e-03
-1.3339e-03
-1.7956e-03
-2.6910e-03
-4.1768e-03
-6.5462e-03
-8.5746e-03
-9.6797e-03
-1.0398e-02
-1.0809e-02
-1.1328e-02
-1.3031e-02
-1.4985e-02
-1.6294e-02
-1.7284e-02
-1.8134e-02
-1.8630e-02
-1.8366e-02
-1.6929e-02
-1.4568e-02
-1.1179e-02
-6.2111e-03
-1.1650e-03
3.3822e-03
6.9980e-03
9.1230e-03
9.6746e-03
8.4634e-03
7.0080e-03
6.6697e-03
7.1012e-03
7.1029e-03
6.0231e-03
5.3190e-03
5.0018e-03
4.8002e-03
4.7390e-03
4.1383e-03
9.4333e-04
-3.7646e-03
-7.9400e-03
-1.1283e-02
-1.1804e-02
-8.3065e-03
-2.3833e-03
4.9014e-03
1.2081e-02
1.6276e-02
1.7698e-02
1.6931e-02
1.5510e-02
1.4207e-02
1.2545e-02
1.1412e-02
1.1222e-02
1.2444e-02
1.4766e-02
1.6444e-02
1.7013e-02
1.7387e-02
1.6656e-02
1.3450e-02
7.0198e-03
1.9686e-04
-5.1637e-03
-7.7148e-03
-7.3867e-03
-5.0641e-03
-2.0143e-03
-1.0949e-05
2.1157e-03
3.5120e-03
3.9597e-03
4.1009e-03
3.1994e-03
7.5367e-04
-1.4337e-03
-1.9338e-03
-1.3964e-03
-8.3854e-04
-8.1047e-04
-1.1313e-03
-1.9244e-03
-3.0835e-03
-4.2389e-03
-4.8286e-03
-4.7544e-03
-3.9771e-03
-2.2794e-03
4.9127e-04
3.9004e-03
7.3040e-03
1.0039e-02
1.1692e-02
1.2845e-02
1.3700e-02
1.3386e-02
1.2300e-02
1.1244e-02
1.0617e-02
9.8618e-03
8.8767e-03
7.9102e-03
6.8794e-03
6.1276e-03
5.8338e-03
5.5377e-03
5.0546e-03
4.7106e-03
4.6068e-03
5.0484e-03
5.6071e-03
5.7910e-03
5.6881e-03
6.2677e-03
7.2711e-03
8.5157e-03
9.5007e-03
9.7081e-03
1.0210e-02
1.0186e-02
9.4831e-03
8.8970e-03
7.9485e-03
6.9972e-03
6.6716e-03
6.7712e-03
6.8738e-03
6.7717e-03
6.5738e-03
6.3710e-03
5.9021e-03
5.3536e-03
5.1060e-03
4.7770e-03
5.1036e-03
5.9146e-03
6.6783e-03
7.4206e-03
7.8239e-03
8.4761e-03
8.1831e-03
7.2823e-03
6.6117e-03
5.8208e-03
4.9394e-03
3.5329e-03
2.0102e-03
4.5211e-04
-2.1571e-04
-6.3110e-04
-1.2215e-03
-2.2530e-03
-2.8928e-03
-2.0665e-03
-7.8259e-04
1.0841e-04
3.7424e-04
-1.8750e-04
-9.3531e-04
-2.2238e-03
-3.4751e-03
-4.5115e-03
-5.2420e-03
-6.0566e-03
-7.5082e-03
-8.6643e-03
-8.9523e-03
-8.9474e-03
-8.7307e-03
-8.3674e-03
-7.9008e-03
-7.7833e-03
-8.1236e-03
-8.6556e-03
-9.0082e-03
-8.5632e-03
-7.3930e-03
-5.8210e-03
-4.1886e-03
-2.9020e-03
-2.0865e-03
-1.0628e-03
4.1541e-04
1.5679e-03
1.8326e-03
1.5990e-03
1.0657e-03
9.5087e-04
1.0100e-03
9.4975e-04
1.3198e-03
2.5572e-03
4.5600e-03
6.6898e-03
8.6666e-03
1.0615e-02
1.2480e-02
1.4086e-02
1.4757e-02
1.4159e-02
1.2438e-02
9.5090e-03
5.1047e-03
6.2059e-04
-2.5194e-03
-3.7887e-03
-3.4588e-03
-2.8212e-03
-2.7422e-03
-3.2062e-03
-4.0263e-03
-5.1146e-03
-6.1648e-03
-7.1121e-03
-7.9636e-03
-8.9023e-03
-1.0017e-02
-1.0971e-02
-1.1621e-02
-1.2011e-02
-1.2106e-02
-1.1938e-02
-1.1523e-02
-1.0392e-02
-8.6552e-03
-6.7836e-03
-5.4068e-03
-4.7032e-03
-4.3492e-03
-4.4057e-03
-4.8848e-03
-5.6248e-03
-6.0807e-03
-6.0103e-03
-5.7102e-03
-5.4782e-03
-5.2918e-03
-4.6294e-03
-3.2146e-03
-1.4422e-03
5.4456e-04
2.7827e-03
5.2248e-03
7.5694e-03
9.3286e-03
1.0253e-02
1.0565e-02
1.0016e-02
8.0905e-03
4.9541e-03
5.4173e-04
-4.3186e-03
-8.6556e-03
-1.1729e-02
-1.3092e-02
-1.2763e-02
-1.1348e-02
-9.7145e-03
-8.1417e-03
-6.7069e-03
-5.4809e-03
-4.7136e-03
-4.5405e-03
-4.6027e-03
-4.3812e-03
-3.5301e-03
-2.1699e-03
-5.7380e-04
1.1901e-03
2.7130e-03
3.6788e-03
4.0675e-03
3.9253e-03
3.3903e-03
2.7380e-03
2.2024e-03
1.8397e-03
1.4010e-03
8.3002e-04
3.9650e-04
2.4086e-04
5.5364e-04
1.4728e-03
2.8174e-03
4.1561e-03
5.1212e-03
5.4317e-03
4.7798e-03
3.1029e-03
9.0992e-04
-8.4354e-04
-1.2761e-03
-4.3573e-04
8.2043e-04
1.7673e-03
2.2738e-03
2.4343e-03
2.3784e-03
2.1123e-03
1.6026e-03
1.1587e-03
8.7813e-04
5.9010e-04
2.3196e-04
-1.4255e-04
-3.9415e-04
-4.6363e-04
-3.1573e-04
-5.8215e-05
1.0365e-04
1.1958e-04
7.9907e-05
1.1433e-04
3.4012e-04
7.3945e-04
1.2003e-03
1.7006e-03
2.2458e-03
2.7336e-03
2.9363e-03
2.8345e-03
2.5013e-03
2.0811e-03
1.7772e-03
1.6187e-03
1.5773e-03
1.5993e-03
1.6656e-03
1.7184e-03
1.7457e-03
1.6875e-03
1.5818e-03
1.5176e-03
1.4868e-03
1.4084e-03
1.2591e-03
1.1552e-03
1.1839e-03
1.2742e-03
1.3736e-03
1.4824e-03
1.5891e-03
1.6676e-03
1.6528e-03
1.6147e-03
1.5904e-03
1.5101e-03
1.3665e-03
1.2091e-03
1.0923e-03
9.7169e-04
8.7149e-04
8.3255e-04
8.1804e-04
7.7867e-04
7.5649e-04
7.5823e-04
7.3189e-04
7.3234e-04
7.8875e-04
8.4099e-04
8.4392e-04
8.0460e-04
7.2558e-04
6.1470e-04
4.8482e-04
4.0348e-04
4.0503e-04
4.7914e-04
5.9487e-04
6.5931e-04
6.2116e-04
5.3374e-04
4.2956e-04
3.4230e-04
3.0744e-04
3.0225e-04
3.2956e-04
3.8178e-04
4.2518e-04
4.7784e-04
5.6380e-04
6.3336e-04
6.8734e-04
7.1831e-04
6.9107e-04
6.3871e-04
5.6895e-04
5.1287e-04
4.7751e-04
4.4215e-04
4.5009e-04
4.8482e-04
4.9663e-04
4.6596e-04
4.0615e-04
3.5073e-04
3.2400e-04
3.2894e-04
3.5564e-04
4.1815e-04
4.7065e-04
5.0232e-04
5.2413e-04
5.2761e-04
5.0346e-04
4.4856e-04
3.6734e-04
2.9761e-04
2.4958e-04
2.0909e-04
1.8495e-04
1.8182e-04
1.8709e-04
1.9921e-04
2.0181e-04
2.0947e-04
2.1765e-04
2.3810e-04
2.6504e-04
2.8884e-04
3.1034e-04
3.2987e-04
3.4816e-04
3.6466e-04
3.7815e-04
3.7705e-04
3.6447e-04
3.3178e-04
2.8128e-04
2.1695e-04
1.4261e-04
6.8311e-05
1.9635e-05
-1.8014e-06
-3.6948e-06
5.4018e-06
1.0736e-05
1.2270e-05
1.9850e-05
4.3185e-05
7.9197e-05
1.3152e-04
2.0082e-04
2.7872e-04
3.5414e-04
4.1312e-04
4.4662e-04
4.5836e-04
4.5932e-04
4.5523e-04
4.4434e-04
4.2372e-04
3.9333e-04
3.5727e-04
3.2198e-04
2.8484e-04
2.4613e-04
2.0764e-04
1.6948e-04
1.3361e-04
9.9363e-05
6.4334e-05
3.2016e-05
-1.1181e-06
-3.3572e-05
-6.0912e-05
-8.2195e-05
-9.7796e-05
-1.0958e-04
-1.1732e-04
-1.1988e-04
-1.1687e-04
-1.0907e-04
-9.7304e-05
-8.2745e-05
-6.5520e-05
-4.8258e-05
-3.5369e-05
-2.8059e-05
-2.4353e-05
-2.1561e-05
-1.7695e-05
-1.2520e-05
-6.9540e-06
-3.6115e-06
-3.6327e-06
-7.2576e-06
-1.3397e-05
-2.0391e-05
-2.7393e-05
-3.4100e-05
-4.1167e-05
-4.8971e-05
-5.7360e-05
-6.5383e-05
-7.2153e-05
-7.7706e-05
-8.2534e-05
-8.6834e-05
-9.0852e-05
-9.4803e-05
-9.8834e-05
-1.0302e-04
-1.0715e-04
-1.1103e-04
-1.1486e-04
-1.1877e-04
-1.2273e-04
-1.2664e-04
-1.3050e-04
-1.3431e-04
-1.3814e-04
-1.4191e-04
-1.4556e-04
-1.4908e-04
-1.5253e-04
-1.5598e-04
-1.5947e-04
-1.6301e-04
-1.6656e-04
-1.7011e-04
-1.7371e-04
-1.7734e-04
-1.8099e-04
-1.8462e-04
-1.8825e-04
-1.9190e-04
-1.9553e-04
-1.9915e-04
-2.0274e-04
-2.0635e-04
-2.0999e-04
-2.1365e-04
-2.1732e-04
-2.2099e-04
-2.2464e-04
-2.2825e-04
-2.3182e-04
-2.3534e-04
-2.3883e-04
-2.4229e-04
-2.4574e-04
-2.4918e-04
-2.5260e-04
-2.5600e-04
-2.5938e-04
-2.6276e-04
-2.6612e-04
-2.6947e-04
-2.7280e-04
-2.7613e-04
-2.7943e-04
-2.8273e-04
-2.8601e-04
-2.8927e-04
-2.9252e-04
-2.9576e-04
-2.9899e-04
-3.0220e-04
-3.0539e-04
-3.0857e-04
-3.1174e-04
-3.1489e-04
-3.1803e-04
-3.2115e-04
-3.2426e-04
-3.2735e-04
-3.3042e-04
-3.3348e-04
-3.3653e-04
-3.3956e-04
-3.4257e-04
-3.4557e-04
-3.4855e-04
-3.5152e-04
-3.5447e-04
-3.5741e-04
-3.6033e-04
-3.6323e-04
-3.6612e-04
