1.4813e-03
1.4887e-03
1.4960e-03
1.5033e-03
1.5104e-03
1.5175e-03
1.5245e-03
1.5314e-03
1.5382e-03
1.5449e-03
1.5515e-03
1.5580e-03
1.5646e-03
1.5712e-03
1.5774e-03
1.5831e-03
1.5889e-03
1.5952e-03
1.6013e-03
1.6068e-03
1.6119e-03
1.6159e-03
1.6202e-03
1.6259e-03
1.6314e-03
1.6354e-03
1.6391e-03
1.6435e-03
1.6489e-03
1.6585e-03
1.6646e-03
1.6590e-03
1.6562e-03
1.6646e-03
1.6699e-03
1.6619e-03
1.6705e-03
1.7031e-03
1.7266e-03
1.7266e-03
1.7505e-03
1.8192e-03
1.8738e-03
1.8990e-03
1.9394e-03
2.0061e-03
2.0662e-03
2.0877e-03
2.1111e-03
2.1848e-03
2.2301e-03
2.1997e-03
2.1765e-03
2.1448e-03
2.1136e-03
1.9570e-03
1.7270e-03
1.6249e-03
1.5754e-03
1.4820e-03
1.3829e-03
1.2602e-03
9.2250e-04
5.7994e-04
5.0397e-04
5.0902e-04
4.8898e-04
5.7197e-04
7.4556e-04
8.1922e-04
7.9575e-04
7.3828e-04
8.1924e-04
1.0619e-03
1.0749e-03
1.0349e-03
1.3225e-03
1.6134e-03
1.7867e-03
1.9492e-03
1.9262e-03
1.8579e-03
1.9066e-03
1.9983e-03
2.2188e-03
2.4793e-03
2.4450e-03
2.5398e-03
2.8985e-03
3.0913e-03
3.2496e-03
3.5228e-03
3.7153e-03
3.9246e-03
4.2672e-03
4.4495e-03
4.5220e-03
4.2720e-03
3.6359e-03
2.9435e-03
2.5134e-03
2.4473e-03
2.2791e-03
1.6720e-03
1.2506e-03
1.0199e-03
3.6726e-04
-2.2180e-04
-4.0298e-04
-6.3131e-04
-1.0789e-03
-1.0462e-03
-2.2921e-04
6.2483e-04
1.0549e-03
1.0446e-03
1.5387e-03
2.3074e-03
2.4882e-03
2.6797e-03
3.1604e-03
3.4140e-03
3.5421e-03
3.7272e-03
3.6689e-03
3.2493e-03
2.8173e-03
2.8165e-03
2.7045e-03
1.8986e-03
1.3075e-04
-1.7389e-03
-3.1940e-03
-4.4260e-03
-5.2578e-03
-5.3363e-03
-5.2410e-03
-5.5453e-03
-5.9520e-03
-5.9326e-03
-5.0483e-03
-4.0368e-03
-2.9982e-03
-1.8217e-03
-6.0677e-04
1.3036e-04
9.7992e-04
3.1068e-03
5.0901e-03
6.1883e-03
7.1203e-03
8.1246e-03
9.4446e-03
1.1077e-02
1.2452e-02
1.2010e-02
1.1304e-02
1.1492e-02
1.1167e-02
1.0936e-02
1.1153e-02
1.0361e-02
7.9138e-03
5.4943e-03
3.8043e-03
1.5390e-03
-1.1633e-03
-2.5969e-03
-3.4367e-03
-4.8416e-03
-6.0453e-03
-6.7465e-03
-7.4802e-03
-8.6144e-03
-9.9851e-03
-1.0154e-02
-9.4881e-03
-8.0213e-03
-3.8985e-03
7.8561e-04
2.6275e-03
3.0822e-03
2.9008e-03
3.3223e-03
4.3566e-03
4.7798e-03
5.6775e-03
6.5574e-03
7.4383e-03
7.4017e-03
6.6641e-03
5.7911e-03
5.4381e-03
5.1950e-03
3.3548e-03
1.2469e-03
9.7218e-04
1.5375e-03
1.6105e-03
2.0974e-03
1.4730e-03
4.1023e-04
-1.1611e-03
-3.5251e-03
-4.1411e-03
-3.0773e-03
-2.7828e-03
-3.0740e-03
-3.3977e-03
-4.7044e-03
-6.6708e-03
-8.7295e-03
-1.0090e-02
-1.1229e-02
-1.2360e-02
-1.2285e-02
-1.0821e-02
-8.4197e-03
-5.7883e-03
-2.3308e-03
3.8341e-04
1.6826e-03
3.5536e-03
5.1664e-03
7.3708e-03
1.0810e-02
1.3473e-02
1.6350e-02
2.0025e-02
2.1091e-02
1.9749e-02
1.9626e-02
2.0920e-02
2.1475e-02
1.9834e-02
1.5939e-02
1.1933e-02
1.0928e-02
1.2175e-02
1.1890e-02
9.6224e-03
6.4974e-03
3.4874e-03
9.5768e-04
-6.8973e-04
-3.7505e-03
-8.1193e-03
-1.4633e-02
-2.2737e-02
-2.7161e-02
-2.4641e-02
-2.0750e-02
-2.1276e-02
-2.1460e-02
-1.9386e-02
-1.9023e-02
-1.9533e-02
-1.6447e-02
-8.6934e-03
-2.1643e-04
5.5121e-03
7.6434e-03
1.0970e-02
1.6887e-02
1.9110e-02
1.6282e-02
1.5857e-02
1.8645e-02
1.9800e-02
2.1267e-02
2.2529e-02
2.1411e-02
1.7385e-02
1.0258e-02
1.9692e-03
-5.6085e-03
-1.0691e-02
-1.0850e-02
-6.1143e-03
-3.2522e-03
-5.5871e-03
-1.0234e-02
-1.4879e-02
-1.7463e-02
-1.6822e-02
-1.7754e-02
-1.9506e-02
-1.9688e-02
-1.8592e-02
-1.6353e-02
-1.6074e-02
-1.6654e-02
-1.2437e-02
-1.7151e-03
1.0925e-02
1.9983e-02
2.1828e-02
1.6724e-02
9.8531e-03
4.0811e-03
1.1767e-03
3.4344e-03
7.7539e-03
1.2572e-02
1.7715e-02
1.8013e-02
1.6778e-02
1.4123e-02
9.4497e-03
7.1676e-03
8.6355e-03
8.2345e-03
4.8320e-03
2.1288e-03
1.1546e-03
-3.0164e-04
-4.4801e-03
-1.1887e-02
-2.2810e-02
-3.2934e-02
-3.7681e-02
-3.6924e-02
-3.2285e-02
-2.6886e-02
-2.7825e-02
-3.5575e-02
-4.3259e-02
-4.5066e-02
-4.1559e-02
-3.7094e-02
-3.4998e-02
-3.4024e-02
-3.3561e-02
-3.2575e-02
-2.5853e-02
-1.1894e-02
5.3652e-03
2.5531e-02
4.3279e-02
5.0134e-02
4.7635e-02
4.3021e-02
4.1742e-02
4.1961e-02
3.9477e-02
3.7970e-02
3.9802e-02
4.2460e-02
4.2570e-02
3.7964e-02
3.0213e-02
2.3664e-02
1.8905e-02
1.6756e-02
1.8768e-02
2.0950e-02
2.0852e-02
2.2482e-02
2.4317e-02
2.3032e-02
1.8373e-02
1.0235e-02
-1.6153e-03
-1.4893e-02
-2.6527e-02
-3.6102e-02
-4.5407e-02
-5.3325e-02
-5.9606e-02
-6.3437e-02
-6.5895e-02
-6.8120e-02
-6.8917e-02
-6.8045e-02
-6.4787e-02
-6.0346e-02
-5.6996e-02
-5.3948e-02
-4.8171e-02
-3.7672e-02
-2.3760e-02
-6.4253e-03
1.2584e-02
2.3459e-02
2.5857e-02
2.6233e-02
2.5831e-02
2.6575e-02
2.7299e-02
2.5536e-02
2.4110e-02
2.4891e-02
2.6562e-02
2.7477e-02
2.6550e-02
2.3549e-02
1.6679e-02
3.6514e-03
-1.6304e-02
-3.7928e-02
-5.1307e-02
-5.3223e-02
-4.7831e-02
-4.0471e-02
-3.7263e-02
-3.6375e-02
-3.3648e-02
-2.5619e-02
-7.7534e-03
1.8922e-02
4.4921e-02
6.2362e-02
7.2738e-02
7.2246e-02
5.9222e-02
4.2247e-02
3.7912e-02
4.0174e-02
3.2450e-02
1.7057e-02
1.0786e-02
1.6378e-02
2.6192e-02
3.3320e-02
3.5238e-02
2.6303e-02
8.2636e-03
-1.0422e-02
-2.5186e-02
-3.2714e-02
-3.2101e-02
-3.0389e-02
-3.3293e-02
-4.1110e-02
-5.0551e-02
-5.5033e-02
-5.6387e-02
-5.9214e-02
-6.6017e-02
-7.7412e-02
-8.8401e-02
-9.9300e-02
-1.1098e-01
-1.1425e-01
-1.0552e-01
-9.2660e-02
-8.0994e-02
-7.0640e-02
-6.3234e-02
-5.4261e-02
-3.6551e-02
-9.5096e-03
1.9026e-02
3.9538e-02
5.2938e-02
5.8775e-02
6.0558e-02
6.0588e-02
5.1450e-02
3.8578e-02
3.3154e-02
3.6310e-02
4.1996e-02
4.6895e-02
5.2745e-02
5.5126e-02
5.2199e-02
4.9036e-02
4.9248e-02
5.2280e-02
5.6431e-02
5.7307e-02
5.0850e-02
3.7062e-02
2.4479e-02
1.6569e-02
1.0295e-02
6.9368e-03
8.6453e-03
9.5650e-03
4.9389e-03
-4.0909e-03
-1.7615e-02
-3.3053e-02
-4.4708e-02
-5.2738e-02
-5.4227e-02
-4.4572e-02
-3.4158e-02
-3.8462e-02
-6.4423e-02
-1.0438e-01
-1.3471e-01
-1.2652e-01
-7.6872e-02
-1.0535e-02
4.1834e-02
6.0916e-02
6.1180e-02
5.4393e-02
4.5550e-02
3.9673e-02
3.8183e-02
3.6930e-02
3.5153e-02
3.8752e-02
4.4177e-02
4.5183e-02
4.0200e-02
3.0908e-02
1.8837e-02
4.8306e-03
-8.9040e-03
-2.2467e-02
-3.1671e-02
-3.6370e-02
-4.1611e-02
-5.1035e-02
-6.6425e-02
-8.9096e-02
-1.1745e-01
-1.4415e-01
-1.6080e-01
-1.6500e-01
-1.6137e-01
-1.5160e-01
-1.3248e-01
-1.0414e-01
-6.7558e-02
-3.2641e-02
-1.9610e-03
2.6706e-02
5.4699e-02
8.7174e-02
1.1493e-01
1.3101e-01
1.4670e-01
1.7206e-01
2.0866e-01
2.4358e-01
2.6275e-01
2.6986e-01
2.6561e-01
2.4328e-01
2.0584e-01
1.5958e-01
1.1218e-01
8.6641e-02
8.3738e-02
9.2599e-02
1.0643e-01
1.1704e-01
1.1545e-01
9.5392e-02
6.0705e-02
2.2385e-02
-1.3276e-02
-3.8485e-02
-5.5822e-02
-7.4686e-02
-8.9545e-02
-9.0845e-02
-8.2923e-02
-7.7141e-02
-7.6281e-02
-8.2052e-02
-9.6991e-02
-1.1718e-01
-1.4305e-01
-1.6801e-01
-1.7972e-01
-1.7122e-01
-1.4591e-01
-1.1132e-01
-7.5656e-02
-5.1409e-02
-3.3417e-02
-7.3854e-03
2.4020e-02
4.6082e-02
4.9314e-02
4.0275e-02
3.1848e-02
3.0166e-02
3.0502e-02
2.6925e-02
1.2442e-02
-1.6680e-02
-5.4372e-02
-8.8710e-02
-1.0816e-01
-1.1426e-01
-1.0970e-01
-9.8814e-02
-8.7635e-02
-7.3804e-02
-5.0984e-02
-1.8718e-02
1.3731e-02
3.3296e-02
3.4171e-02
1.9089e-02
-5.5229e-03
-2.5966e-02
-3.4057e-02
-3.3526e-02
-3.0378e-02
-3.2680e-02
-4.0081e-02
-5.2760e-02
-7.2446e-02
-8.8430e-02
-8.8312e-02
-7.6086e-02
-6.3394e-02
-5.3869e-02
-4.4232e-02
-3.3263e-02
-2.2326e-02
-6.0037e-03
1.7069e-02
3.7291e-02
5.2306e-02
6.6634e-02
8.4025e-02
1.0497e-01
1.2065e-01
1.2556e-01
1.1342e-01
7.3705e-02
1.7273e-02
-2.4765e-02
-3.9273e-02
-3.2772e-02
-1.8388e-02
-1.2247e-02
-1.2605e-02
6.1076e-04
3.2335e-02
6.5902e-02
8.8741e-02
9.5243e-02
8.4933e-02
7.0997e-02
6.8029e-02
8.1103e-02
1.0203e-01
1.1848e-01
1.2843e-01
1.3311e-01
1.3547e-01
1.3385e-01
1.1982e-01
9.0835e-02
5.1905e-02
1.1330e-02
-1.6231e-02
-2.4105e-02
-2.2185e-02
-2.4481e-02
-4.4508e-02
-8.9709e-02
-1.5373e-01
-2.1811e-01
-2.5001e-01
-2.3538e-01
-1.9677e-01
-1.5107e-01
-1.1012e-01
-1.0341e-01
-1.2954e-01
-1.5405e-01
-1.5877e-01
-1.5510e-01
-1.5638e-01
-1.6620e-01
-1.7851e-01
-1.8133e-01
-1.6984e-01
-1.5029e-01
-1.2743e-01
-1.0253e-01
-7.8847e-02
-6.1618e-02
-4.7163e-02
-2.6411e-02
8.9635e-03
5.5941e-02
1.1064e-01
1.5092e-01
1.5662e-01
1.4789e-01
1.4567e-01
1.5185e-01
1.6101e-01
1.6612e-01
1.6416e-01
1.5472e-01
1.3662e-01
1.0867e-01
7.3793e-02
3.6683e-02
4.3079e-03
-2.6513e-02
-5.7853e-02
-8.6776e-02
-1.1330e-01
-1.3774e-01
-1.6436e-01
-1.8662e-01
-1.9545e-01
-1.9370e-01
-1.8912e-01
-1.8597e-01
-1.8261e-01
-1.7348e-01
-1.5319e-01
-1.1469e-01
-4.8304e-02
2.9640e-02
8.6250e-02
1.2013e-01
1.4872e-01
1.8692e-01
2.2965e-01
2.6527e-01
2.9178e-01
3.0525e-01
3.0375e-01
2.9934e-01
3.0278e-01
3.0621e-01
3.0199e-01
2.9824e-01
2.9886e-01
2.8337e-01
2.0565e-01
8.0888e-02
-3.9748e-03
-2.5756e-02
-2.0508e-02
-3.8693e-02
-8.0285e-02
-1.2154e-01
-1.5530e-01
-1.8367e-01
-2.1256e-01
-2.3828e-01
-2.5230e-01
-2.5402e-01
-2.4443e-01
-2.2578e-01
-1.9856e-01
-1.6456e-01
-1.3127e-01
-1.0984e-01
-9.3499e-02
-6.2305e-02
-1.1055e-02
5.1715e-02
1.0174e-01
1.2291e-01
1.1159e-01
7.2678e-02
1.9491e-02
-2.4759e-02
-5.3386e-02
-7.3828e-02
-9.1627e-02
-1.0184e-01
-9.9001e-02
-8.1622e-02
-5.6943e-02
-3.4333e-02
-2.0984e-02
-1.3711e-02
5.0899e-04
2.3729e-02
4.3618e-02
5.9570e-02
7.6475e-02
8.7734e-02
9.1427e-02
9.9338e-02
1.2662e-01
1.7691e-01
2.3998e-01
2.8850e-01
3.0571e-01
3.1014e-01
3.1725e-01
3.2413e-01
3.2389e-01
3.1078e-01
2.8473e-01
2.4166e-01
1.7936e-01
1.1562e-01
6.1598e-02
2.2351e-02
-5.0735e-03
-3.2391e-02
-4.9966e-02
-6.2400e-02
-8.4297e-02
-1.1295e-01
-1.4505e-01
-1.7966e-01
-2.0789e-01
-2.1367e-01
-1.8740e-01
-1.3738e-01
-8.1068e-02
-1.7311e-02
4.5407e-02
8.7136e-02
1.0861e-01
1.2151e-01
1.3069e-01
1.2242e-01
9.2559e-02
4.9435e-02
1.4513e-03
-4.4632e-02
-9.4982e-02
-1.6244e-01
-2.3140e-01
-2.7599e-01
-3.0333e-01
-3.2378e-01
-3.3598e-01
-3.3568e-01
-3.0454e-01
-2.2469e-01
-1.0171e-01
3.7104e-02
1.3833e-01
1.7101e-01
1.7649e-01
1.9912e-01
2.3175e-01
2.5614e-01
2.7671e-01
3.0724e-01
3.4551e-01
3.7984e-01
3.9025e-01
3.7128e-01
3.3623e-01
3.1238e-01
3.0405e-01
2.9889e-01
2.8769e-01
2.6839e-01
2.3744e-01
1.7752e-01
1.1603e-01
5.8143e-02
-1.1063e-02
-6.7594e-02
-8.9975e-02
-7.4312e-02
-3.1946e-02
7.0067e-03
2.1614e-02
6.6043e-03
-3.2826e-02
-7.9595e-02
-1.0962e-01
-1.2304e-01
-1.3183e-01
-1.4198e-01
-1.6084e-01
-1.9559e-01
-2.4668e-01
-2.9207e-01
-3.1661e-01
-3.2613e-01
-3.3180e-01
-3.2257e-01
-2.9026e-01
-2.4026e-01
-1.8107e-01
-1.1147e-01
-3.1822e-02
3.5392e-02
7.5694e-02
9.7560e-02
1.1498e-01
1.3749e-01
1.6623e-01
1.9597e-01
2.1135e-01
1.9902e-01
1.6242e-01
1.1885e-01
8.6459e-02
8.0494e-02
1.0200e-01
1.3842e-01
1.8583e-01
2.5604e-01
3.4558e-01
3.8379e-01
3.6702e-01
3.6693e-01
3.9041e-01
4.0305e-01
3.9903e-01
3.9348e-01
3.9522e-01
3.9677e-01
3.9235e-01
3.6166e-01
2.6959e-01
1.1760e-01
-2.9395e-02
-1.2869e-01
-2.0715e-01
-2.8830e-01
-3.6654e-01
-4.2114e-01
-4.5426e-01
-4.8968e-01
-5.2554e-01
-5.4230e-01
-5.3587e-01
-5.3216e-01
-5.4783e-01
-5.6314e-01
-5.3579e-01
-4.4618e-01
-3.0360e-01
-1.5432e-01
-4.9969e-02
2.5310e-05
1.6849e-02
-3.1382e-03
-5.8196e-02
-1.0154e-01
-1.1139e-01
-1.2076e-01
-1.6661e-01
-2.3380e-01
-2.6626e-01
-2.6033e-01
-2.3704e-01
-1.8982e-01
-1.2302e-01
-6.7707e-02
-2.8711e-02
1.3133e-03
3.4211e-02
7.5966e-02
1.2231e-01
1.6785e-01
1.9315e-01
2.0341e-01
2.1282e-01
2.2389e-01
2.3303e-01
2.4641e-01
2.7693e-01
3.2437e-01
3.7440e-01
4.0152e-01
3.9192e-01
3.5964e-01
2.8650e-01
1.7385e-01
8.3926e-02
2.2925e-02
-3.8142e-02
-9.5881e-02
-1.3684e-01
-1.5909e-01
-1.6920e-01
-1.8068e-01
-1.9833e-01
-2.1543e-01
-2.3109e-01
-2.4977e-01
-2.6401e-01
-2.6249e-01
-2.5187e-01
-2.4205e-01
-2.3400e-01
-2.2559e-01
-2.1794e-01
-2.1802e-01
-2.2659e-01
-2.3672e-01
-2.4586e-01
-2.6297e-01
-2.8599e-01
-2.9960e-01
-2.9976e-01
-2.8918e-01
-2.7651e-01
-2.6704e-01
-2.5630e-01
-2.4945e-01
-2.4975e-01
-2.4814e-01
-2.2522e-01
-1.8311e-01
-1.3914e-01
-9.6852e-02
-4.7589e-02
3.2614e-03
3.5979e-02
4.7463e-02
5.7863e-02
7.3589e-02
8.7643e-02
1.0786e-01
1.4766e-01
1.9568e-01
2.3273e-01
2.5012e-01
2.5820e-01
2.6092e-01
2.4803e-01
2.2223e-01
1.8819e-01
1.5006e-01
1.2066e-01
1.0230e-01
9.1408e-02
7.5811e-02
4.1885e-02
-1.0378e-02
-6.1099e-02
-9.7278e-02
-1.3087e-01
-1.5742e-01
-1.7857e-01
-2.1048e-01
-2.5121e-01
-2.7823e-01
-2.8212e-01
-2.7454e-01
-2.6443e-01
-2.5376e-01
-2.4431e-01
-2.5353e-01
-2.9579e-01
-3.6681e-01
-4.5269e-01
-5.1271e-01
-5.2284e-01
-4.9242e-01
-4.2705e-01
-3.2088e-01
-2.0521e-01
-1.1120e-01
-4.0912e-02
-7.6396e-03
1.9366e-02
6.9154e-02
1.3007e-01
1.7864e-01
2.0116e-01
2.0373e-01
1.8667e-01
1.5267e-01
1.1162e-01
8.0599e-02
8.1350e-02
1.0791e-01
1.3877e-01
1.6536e-01
1.9829e-01
2.3101e-01
2.5635e-01
2.7261e-01
2.8462e-01
3.0072e-01
3.1988e-01
3.3515e-01
3.3988e-01
3.4148e-01
3.4628e-01
3.5170e-01
3.5811e-01
3.6381e-01
3.5240e-01
3.1164e-01
2.3979e-01
1.4578e-01
5.8460e-02
1.3277e-02
1.0202e-02
1.2095e-02
3.4605e-03
-6.0163e-03
-1.3220e-02
-1.6538e-02
-8.7865e-03
7.4548e-03
2.1803e-02
2.0540e-02
-2.8076e-03
-3.3281e-02
-5.9840e-02
-7.3190e-02
-6.7710e-02
-5.5972e-02
-5.6300e-02
-7.2721e-02
-9.4028e-02
-1.1007e-01
-1.1527e-01
-1.0554e-01
-8.4726e-02
-6.9364e-02
-6.6494e-02
-7.3273e-02
-8.5324e-02
-9.4202e-02
-9.0481e-02
-6.7544e-02
-3.0263e-02
1.2715e-02
5.4565e-02
8.8955e-02
1.1795e-01
1.4494e-01
1.7738e-01
2.1810e-01
2.5952e-01
3.0198e-01
3.4945e-01
3.8827e-01
3.9912e-01
3.9867e-01
4.0424e-01
4.1330e-01
4.1825e-01
4.1593e-01
3.9558e-01
3.2816e-01
1.9860e-01
6.0856e-02
-2.1220e-02
-6.0358e-02
-9.4203e-02
-1.2916e-01
-1.6034e-01
-1.8474e-01
-2.0139e-01
-2.1403e-01
-2.2821e-01
-2.4131e-01
-2.4330e-01
-2.2871e-01
-2.0315e-01
-1.6617e-01
-1.1669e-01
-4.7988e-02
3.2260e-02
9.6471e-02
1.3905e-01
1.7067e-01
2.0093e-01
2.3470e-01
2.6829e-01
3.0148e-01
3.3237e-01
3.6027e-01
3.8632e-01
3.9634e-01
3.9291e-01
3.9324e-01
4.0056e-01
4.0740e-01
4.1411e-01
4.2798e-01
4.5493e-01
4.7020e-01
4.4185e-01
3.7123e-01
2.7767e-01
1.7971e-01
9.3202e-02
5.0629e-02
3.3156e-02
1.8284e-02
9.5729e-03
1.2293e-02
9.2078e-03
-1.6464e-02
-6.1222e-02
-1.1663e-01
-1.7116e-01
-2.3665e-01
-3.1336e-01
-3.8148e-01
-4.3231e-01
-4.6873e-01
-4.9714e-01
-5.1859e-01
-5.4765e-01
-5.9197e-01
-6.3877e-01
-6.7193e-01
-6.7273e-01
-6.3148e-01
-5.6676e-01
-5.0757e-01
-4.6365e-01
-4.3629e-01
-4.1213e-01
-3.7953e-01
-3.3325e-01
-2.7654e-01
-2.2426e-01
-1.2713e-01
-1.3667e-01
-3.5606e-01
-4.3167e-01
-2.8601e-01
-1.5191e-01
-1.1872e-01
-1.2400e-01
-8.8129e-02
-2.7675e-02
1.0061e-02
3.9485e-02
7.1585e-02
1.1553e-01
1.6130e-01
1.9869e-01
2.4144e-01
2.9000e-01
3.3944e-01
4.0107e-01
5.0322e-01
5.5764e-01
5.3763e-01
5.6032e-01
6.0230e-01
5.7681e-01
4.9700e-01
4.4795e-01
4.6464e-01
4.8878e-01
4.5634e-01
3.6931e-01
2.7013e-01
1.8643e-01
1.3416e-01
1.0702e-01
9.0854e-02
8.3097e-02
8.4071e-02
8.3085e-02
7.3946e-02
6.5409e-02
5.8943e-02
4.1149e-02
7.2912e-03
-2.2663e-02
-3.5626e-02
-4.4951e-02
-6.0217e-02
-6.9726e-02
-6.9846e-02
-6.7488e-02
-6.8776e-02
-8.1307e-02
-9.8451e-02
-1.1134e-01
-1.2463e-01
-1.4350e-01
-1.6743e-01
-1.8416e-01
-1.9275e-01
-2.0998e-01
-2.3648e-01
-2.5998e-01
-2.7897e-01
-2.9842e-01
-3.2034e-01
-3.4083e-01
-3.6147e-01
-3.9089e-01
-4.3759e-01
-4.9138e-01
-5.3235e-01
-5.4976e-01
-5.4843e-01
-5.2734e-01
-4.8280e-01
-4.2397e-01
-3.5060e-01
-2.4581e-01
-1.3695e-01
-6.8749e-02
-2.9418e-02
1.0752e-03
2.7122e-02
4.7527e-02
6.6963e-02
8.9004e-02
1.1560e-01
1.4539e-01
1.6839e-01
1.8338e-01
1.9353e-01
2.0069e-01
2.1155e-01
2.3347e-01
2.6401e-01
3.0247e-01
3.3767e-01
3.5368e-01
3.5608e-01
3.5203e-01
3.5113e-01
3.5803e-01
3.7883e-01
4.1980e-01
4.7651e-01
5.3454e-01
5.4658e-01
4.6209e-01
3.4723e-01
2.8236e-01
2.5268e-01
2.3272e-01
2.0699e-01
1.8704e-01
1.7216e-01
1.4954e-01
1.1764e-01
8.5746e-02
6.3272e-02
5.2227e-02
3.8277e-02
1.2342e-02
-2.4541e-02
-5.8918e-02
-7.9969e-02
-1.0646e-01
-1.4988e-01
-2.0055e-01
-2.3952e-01
-2.7810e-01
-3.2742e-01
-3.7113e-01
-4.0699e-01
-4.4524e-01
-4.8740e-01
-5.1810e-01
-5.2499e-01
-5.2223e-01
-5.3848e-01
-5.7962e-01
-6.1954e-01
-6.3166e-01
-6.1770e-01
-5.8953e-01
-5.5184e-01
-4.9744e-01
-4.2382e-01
-3.4960e-01
-3.2175e-01
-3.4610e-01
-3.5569e-01
-3.1723e-01
-2.4679e-01
-1.7595e-01
-1.3421e-01
-9.5209e-02
-4.1322e-02
9.4563e-03
4.6664e-02
8.7905e-02
1.3736e-01
1.6848e-01
1.7728e-01
1.8462e-01
2.0856e-01
2.4472e-01
2.7771e-01
3.0119e-01
3.1401e-01
3.1988e-01
3.1731e-01
3.0656e-01
2.8932e-01
2.6509e-01
2.4219e-01
2.2660e-01
2.1533e-01
2.0366e-01
1.8192e-01
1.4699e-01
1.1672e-01
9.6701e-02
7.1488e-02
3.2694e-02
4.5502e-03
6.3227e-03
2.5121e-03
-5.4933e-02
-1.5343e-01
-2.4897e-01
-3.1134e-01
-3.4222e-01
-3.6116e-01
-3.8539e-01
-4.1423e-01
-4.2125e-01
-3.8749e-01
-3.2651e-01
-2.5324e-01
-1.8215e-01
-1.1508e-01
-6.5578e-02
-3.9005e-02
-8.7567e-03
3.2922e-02
7.7913e-02
1.1008e-01
1.3548e-01
1.6869e-01
1.9860e-01
2.1484e-01
2.1332e-01
1.9415e-01
1.8442e-01
2.0945e-01
2.4572e-01
2.6433e-01
2.8995e-01
3.5753e-01
4.1156e-01
4.0876e-01
4.0490e-01
4.4389e-01
4.9183e-01
5.1507e-01
5.2779e-01
5.4022e-01
5.4671e-01
5.4801e-01
5.4868e-01
5.4759e-01
5.4457e-01
5.4367e-01
5.4180e-01
5.3399e-01
5.1760e-01
4.8532e-01
4.2784e-01
3.6904e-01
3.0710e-01
2.4155e-01
1.9053e-01
1.6271e-01
1.4379e-01
1.2133e-01
1.0803e-01
1.0650e-01
9.2738e-02
6.3900e-02
4.1775e-02
3.2234e-02
2.5904e-02
2.0731e-02
1.9075e-02
1.9163e-02
1.2141e-02
-4.9417e-03
-2.1460e-02
-3.2831e-02
-4.2094e-02
-5.1315e-02
-6.3419e-02
-8.0371e-02
-1.0229e-01
-1.2376e-01
-1.4560e-01
-1.6523e-01
-1.7453e-01
-1.8056e-01
-1.9369e-01
-2.0542e-01
-1.9155e-01
-1.4512e-01
-1.2905e-01
-2.1253e-01
-3.2642e-01
-3.3376e-01
-2.3177e-01
-1.1500e-01
-4.5281e-02
-2.7066e-02
-4.1494e-02
-7.2226e-02
-1.0519e-01
-1.2696e-01
-1.3232e-01
-1.2921e-01
-1.3498e-01
-1.5040e-01
-1.6434e-01
-1.7429e-01
-1.8458e-01
-1.9707e-01
-2.0755e-01
-2.1651e-01
-2.2592e-01
-2.3473e-01
-2.4300e-01
-2.4636e-01
-2.4439e-01
-2.5113e-01
-2.7370e-01
-2.9715e-01
-3.0198e-01
-2.7843e-01
-2.3806e-01
-1.9845e-01
-1.6740e-01
-1.4815e-01
-1.3462e-01
-1.2662e-01
-1.2557e-01
-1.2162e-01
-1.1078e-01
-9.9060e-02
-9.0058e-02
-7.9447e-02
-5.7799e-02
-2.5519e-02
1.2741e-02
4.8055e-02
7.0021e-02
8.3927e-02
1.0483e-01
1.3400e-01
1.6236e-01
1.8310e-01
1.9157e-01
1.8884e-01
1.9020e-01
1.9572e-01
1.8125e-01
1.4575e-01
1.1014e-01
7.4432e-02
2.0679e-02
-6.4671e-02
-1.5210e-01
-1.8643e-01
-1.7689e-01
-1.6368e-01
-1.5689e-01
-1.5465e-01
-1.5305e-01
-1.5094e-01
-1.5364e-01
-1.5990e-01
-1.5750e-01
-1.4595e-01
-1.3265e-01
-1.1759e-01
-1.0006e-01
-8.3421e-02
-7.2664e-02
-6.7911e-02
-5.7987e-02
-3.8613e-02
-2.3039e-02
-1.7934e-02
-9.9066e-03
1.5115e-02
6.0881e-02
1.0912e-01
1.3435e-01
1.4936e-01
1.6875e-01
1.8345e-01
1.8545e-01
1.8114e-01
1.7914e-01
1.8142e-01
1.8908e-01
1.9945e-01
2.0223e-01
1.8539e-01
1.4992e-01
9.0073e-02
2.0667e-02
-2.3481e-02
-3.6517e-02
-3.6630e-02
-3.4076e-02
-2.8084e-02
-1.5908e-02
-1.7688e-03
8.0461e-03
1.5285e-02
2.4213e-02
3.1299e-02
2.9036e-02
1.0039e-02
-2.7796e-02
-7.2772e-02
-1.1047e-01
-1.5220e-01
-1.9813e-01
-2.2532e-01
-2.3146e-01
-2.0840e-01
-1.2383e-01
-4.7857e-02
-1.0875e-01
-2.7478e-01
-3.9217e-01
-3.8520e-01
-2.9772e-01
-2.3848e-01
-2.5549e-01
-3.1066e-01
-3.6265e-01
-4.0497e-01
-4.4504e-01
-4.6954e-01
-4.7547e-01
-4.6354e-01
-4.4974e-01
-4.4694e-01
-4.4942e-01
-4.5128e-01
-4.4725e-01
-4.2169e-01
-3.6675e-01
-2.9515e-01
-2.2238e-01
-1.6592e-01
-1.2835e-01
-9.0940e-02
-5.2404e-02
-2.2238e-02
-1.0945e-02
-7.4600e-03
-2.3081e-03
-7.3773e-03
-2.9612e-02
-5.6660e-02
-7.5692e-02
-9.0174e-02
-1.0048e-01
-1.0336e-01
-9.2222e-02
-7.3456e-02
-5.3428e-02
-3.9038e-02
-2.9270e-02
-1.8824e-02
-7.8259e-03
6.5225e-03
3.5550e-02
8.3351e-02
1.2878e-01
1.4987e-01
1.5430e-01
1.4866e-01
1.3133e-01
9.9409e-02
6.5484e-02
5.5666e-02
7.3379e-02
9.8447e-02
1.1362e-01
1.3139e-01
1.8296e-01
2.7453e-01
3.4267e-01
3.4303e-01
3.1708e-01
2.9933e-01
2.9477e-01
2.9522e-01
2.9579e-01
3.0041e-01
2.9553e-01
2.6337e-01
2.2552e-01
2.0551e-01
2.0820e-01
2.3851e-01
2.8501e-01
3.2073e-01
3.3133e-01
3.3908e-01
3.5953e-01
3.8725e-01
4.0006e-01
3.9727e-01
3.9820e-01
4.0309e-01
4.0607e-01
4.0475e-01
3.9623e-01
3.7643e-01
3.4552e-01
3.1740e-01
3.0119e-01
2.8546e-01
2.6766e-01
2.5676e-01
2.5101e-01
2.4727e-01
2.4480e-01
2.3858e-01
2.2228e-01
2.0667e-01
2.0618e-01
2.0456e-01
1.8727e-01
1.6751e-01
1.5463e-01
1.4615e-01
1.3250e-01
1.1202e-01
8.7618e-02
6.4099e-02
3.9438e-02
1.3648e-02
-2.9802e-03
-7.8511e-03
-6.4769e-03
1.0151e-03
1.1508e-02
1.7192e-02
1.9012e-02
2.5645e-02
4.9034e-02
9.3833e-02
1.3734e-01
1.5265e-01
1.0961e-01
1.8435e-02
-5.3424e-02
-7.3303e-02
-8.2312e-02
-1.0065e-01
-1.0735e-01
-1.0440e-01
-1.0815e-01
-1.1184e-01
-9.6911e-02
-5.8273e-02
-1.4685e-02
2.4310e-02
5.1587e-02
6.7983e-02
7.5900e-02
7.4144e-02
6.6311e-02
5.9976e-02
6.0011e-02
6.6724e-02
7.6872e-02
8.6398e-02
9.2687e-02
1.0108e-01
1.1098e-01
1.1633e-01
1.1683e-01
1.1339e-01
1.0695e-01
1.0028e-01
9.4976e-02
8.8261e-02
8.8270e-02
1.0258e-01
1.1933e-01
1.3059e-01
1.3230e-01
1.1723e-01
9.7032e-02
9.1537e-02
9.6945e-02
9.4760e-02
7.1983e-02
3.3645e-02
-4.9189e-04
-2.6326e-02
-4.7878e-02
-6.4938e-02
-7.6660e-02
-7.9088e-02
-7.6865e-02
-7.6086e-02
-6.8069e-02
-5.3596e-02
-4.2270e-02
-4.0994e-02
-4.7591e-02
-5.5350e-02
-6.3358e-02
-7.7019e-02
-9.5932e-02
-1.2278e-01
-1.6023e-01
-1.9152e-01
-2.0385e-01
-2.1475e-01
-2.4500e-01
-2.9063e-01
-3.3047e-01
-3.5211e-01
-3.6045e-01
-3.6948e-01
-3.8353e-01
-4.0278e-01
-4.3482e-01
-4.7555e-01
-5.0348e-01
-4.9958e-01
-4.6790e-01
-4.2060e-01
-3.6326e-01
-2.9843e-01
-2.3398e-01
-1.8052e-01
-1.2524e-01
-7.7195e-02
-7.0132e-02
-7.9260e-02
-4.2269e-02
2.0565e-02
2.6302e-02
-3.6547e-02
-1.0023e-01
-1.3793e-01
-1.7632e-01
-2.1884e-01
-2.5137e-01
-2.5885e-01
-2.3180e-01
-1.9593e-01
-1.8296e-01
-1.8574e-01
-1.7776e-01
-1.5527e-01
-1.2319e-01
-7.8329e-02
-1.9487e-02
4.1248e-02
7.3925e-02
7.9795e-02
8.9889e-02
1.1183e-01
1.2999e-01
1.3574e-01
1.3080e-01
1.1919e-01
1.0495e-01
8.5686e-02
6.2350e-02
3.9033e-02
1.6456e-02
9.9552e-04
-7.2184e-03
-1.6511e-02
-2.3784e-02
-2.4662e-02
-2.7016e-02
-2.8892e-02
-2.3885e-02
-1.5276e-02
-1.1856e-02
-1.6242e-02
-1.8435e-02
-1.0088e-02
3.5261e-03
1.4774e-02
3.0982e-02
6.0052e-02
9.0221e-02
1.0007e-01
7.4376e-02
3.0061e-02
-6.6401e-03
-2.2504e-02
-2.9353e-02
-4.6060e-02
-7.2659e-02
-1.0777e-01
-1.5399e-01
-1.9805e-01
-2.2391e-01
-2.4120e-01
-2.6462e-01
-2.8385e-01
-2.7720e-01
-2.3765e-01
-2.1306e-01
-2.6619e-01
-3.6418e-01
-4.1283e-01
-3.9235e-01
-3.5374e-01
-3.3317e-01
-3.1287e-01
-2.7256e-01
-2.2766e-01
-1.9421e-01
-1.7018e-01
-1.5027e-01
-1.2692e-01
-1.0145e-01
-8.4398e-02
-7.6583e-02
-6.8088e-02
-5.5378e-02
-3.5876e-02
-1.2587e-02
9.6553e-03
2.3487e-02
2.8476e-02
2.9722e-02
3.5014e-02
5.4715e-02
8.9517e-02
1.3028e-01
1.6314e-01
1.9292e-01
2.1717e-01
2.3491e-01
2.4915e-01
2.6001e-01
2.7038e-01
2.8710e-01
3.0829e-01
3.2304e-01
3.2048e-01
3.0065e-01
2.7046e-01
2.4203e-01
2.1898e-01
1.9953e-01
1.8737e-01
1.8666e-01
1.8962e-01
1.8224e-01
1.6534e-01
1.4982e-01
1.3318e-01
1.0790e-01
7.4403e-02
3.9505e-02
1.9808e-02
1.9744e-02
2.5831e-02
2.6191e-02
2.2968e-02
2.4425e-02
2.8812e-02
3.3912e-02
4.0067e-02
4.7417e-02
5.6131e-02
6.1613e-02
6.1428e-02
6.1650e-02
6.2044e-02
5.8052e-02
5.6057e-02
5.8706e-02
6.2762e-02
6.6563e-02
6.9220e-02
6.9185e-02
6.7773e-02
6.7764e-02
6.7841e-02
6.8758e-02
6.9834e-02
6.9367e-02
6.8336e-02
6.7068e-02
6.6402e-02
6.5949e-02
6.7170e-02
7.0281e-02
7.4458e-02
8.1427e-02
8.9197e-02
9.2489e-02
9.1464e-02
8.9413e-02
9.1749e-02
1.0249e-01
1.1449e-01
1.1988e-01
1.2227e-01
1.2981e-01
1.4104e-01
1.4800e-01
1.5209e-01
1.5606e-01
1.6145e-01
1.6492e-01
1.6030e-01
1.4658e-01
1.2980e-01
1.1813e-01
1.1579e-01
1.1951e-01
1.2461e-01
1.2556e-01
1.1826e-01
1.0985e-01
1.1154e-01
1.2825e-01
1.5831e-01
1.9389e-01
2.2007e-01
2.2849e-01
2.2351e-01
2.1955e-01
2.1444e-01
2.0706e-01
2.0242e-01
1.9610e-01
1.8462e-01
1.6912e-01
1.5183e-01
1.3846e-01
1.2907e-01
1.1821e-01
1.0629e-01
9.7545e-02
8.8997e-02
7.9865e-02
7.3171e-02
6.7407e-02
5.8271e-02
4.7001e-02
3.7269e-02
2.7690e-02
1.6352e-02
8.6850e-03
6.9423e-03
5.8757e-03
1.4400e-03
-4.6273e-03
-7.1936e-03
-4.9863e-03
-8.3750e-03
-2.1992e-02
-3.8517e-02
-5.1506e-02
-5.9738e-02
-6.4083e-02
-6.0211e-02
-5.1447e-02
-4.9599e-02
-5.2446e-02
-5.3860e-02
-5.1218e-02
-4.5578e-02
-4.2231e-02
-4.0878e-02
-3.9232e-02
-3.7533e-02
-3.7207e-02
-3.7939e-02
-3.9721e-02
-4.2880e-02
-4.4274e-02
-4.6136e-02
-5.0344e-02
-4.9300e-02
-3.8532e-02
-2.7357e-02
-2.6987e-02
-3.9752e-02
-5.9040e-02
-8.1229e-02
-1.0249e-01
-1.1752e-01
-1.2766e-01
-1.3604e-01
-1.4311e-01
-1.4380e-01
-1.3294e-01
-1.1371e-01
-9.5627e-02
-8.8569e-02
-9.1427e-02
-9.9459e-02
-1.1015e-01
-1.2869e-01
-1.5528e-01
-1.7832e-01
-1.8831e-01
-1.9104e-01
-1.9084e-01
-1.8688e-01
-1.8406e-01
-1.8001e-01
-1.6212e-01
-1.2480e-01
-8.9216e-02
-1.0030e-01
-1.5406e-01
-1.9618e-01
-2.0455e-01
-2.0198e-01
-2.0061e-01
-1.9607e-01
-1.8914e-01
-1.7908e-01
-1.6511e-01
-1.5142e-01
-1.4451e-01
-1.4749e-01
-1.5934e-01
-1.7053e-01
-1.7288e-01
-1.6918e-01
-1.6704e-01
-1.7512e-01
-1.9249e-01
-2.0675e-01
-2.1491e-01
-2.2325e-01
-2.3674e-01
-2.4773e-01
-2.5410e-01
-2.5750e-01
-2.5387e-01
-2.3567e-01
-2.0214e-01
-1.6378e-01
-1.3054e-01
-9.8937e-02
-7.1210e-02
-6.1443e-02
-6.4787e-02
-6.5992e-02
-6.1089e-02
-5.5236e-02
-4.7693e-02
-3.7915e-02
-3.1502e-02
-2.8582e-02
-3.2311e-02
-4.0048e-02
-4.7909e-02
-5.5143e-02
-5.8008e-02
-5.4200e-02
-4.5438e-02
-3.7166e-02
-2.8423e-02
-1.5917e-02
-3.5908e-03
6.4763e-03
1.6458e-02
2.6347e-02
3.5803e-02
4.3225e-02
4.5320e-02
4.4748e-02
4.6527e-02
5.1139e-02
5.3909e-02
5.6915e-02
5.8977e-02
5.8882e-02
5.9167e-02
5.8784e-02
5.7635e-02
5.7997e-02
6.0264e-02
6.2990e-02
6.7270e-02
7.4125e-02
8.5130e-02
9.5915e-02
1.0484e-01
1.1686e-01
1.3015e-01
1.4322e-01
1.5784e-01
1.6802e-01
1.6939e-01
1.7006e-01
1.7607e-01
1.9195e-01
2.1798e-01
2.3766e-01
2.4325e-01
2.4348e-01
2.3308e-01
2.0023e-01
1.4685e-01
8.8775e-02
5.4729e-02
4.3909e-02
3.2362e-02
1.7294e-02
5.6799e-03
1.1173e-04
-1.1821e-03
-1.2726e-03
-1.7147e-03
-2.5778e-03
-2.4545e-03
8.3711e-04
3.7149e-03
1.4589e-03
-2.1353e-03
-5.6045e-03
-1.1339e-02
-1.9142e-02
-2.5020e-02
-2.4940e-02
-2.1248e-02
-2.0293e-02
-1.9673e-02
-1.5956e-02
-1.2204e-02
-1.1093e-02
-1.1454e-02
-1.0691e-02
-1.1316e-02
-1.7337e-02
-2.5426e-02
-3.2292e-02
-3.5154e-02
-3.5788e-02
-3.5853e-02
-3.5600e-02
-3.4321e-02
-3.3202e-02
-3.3823e-02
-3.5596e-02
-3.7691e-02
-3.9322e-02
-3.7960e-02
-3.2727e-02
-2.4242e-02
-1.5954e-02
-1.0514e-02
2.9294e-03
3.4575e-02
6.2115e-02
6.5143e-02
5.0405e-02
4.4774e-02
5.7963e-02
6.8942e-02
6.0534e-02
4.7347e-02
4.4860e-02
5.0693e-02
5.7694e-02
5.5434e-02
4.2847e-02
3.1152e-02
2.7253e-02
3.1298e-02
3.9354e-02
4.7748e-02
5.4599e-02
6.3412e-02
7.3340e-02
8.2368e-02
8.9473e-02
9.5310e-02
1.0194e-01
1.0800e-01
1.1444e-01
1.2148e-01
1.2777e-01
1.3367e-01
1.4018e-01
1.4550e-01
1.4997e-01
1.5176e-01
1.4922e-01
1.4231e-01
1.3069e-01
1.0901e-01
7.3405e-02
2.6344e-02
-1.5120e-02
-4.2993e-02
-6.5669e-02
-8.0440e-02
-8.2526e-02
-8.0445e-02
-7.8509e-02
-7.2987e-02
-6.1952e-02
-5.0661e-02
-4.8157e-02
-5.4557e-02
-5.7792e-02
-5.2404e-02
-5.1305e-02
-5.6302e-02
-6.5569e-02
-7.8655e-02
-9.5403e-02
-1.1282e-01
-1.2415e-01
-1.3299e-01
-1.4474e-01
-1.5311e-01
-1.5647e-01
-1.5867e-01
-1.6175e-01
-1.5973e-01
-1.4630e-01
-1.2429e-01
-9.9240e-02
-7.3046e-02
-3.8076e-02
1.8327e-04
2.9163e-02
4.2452e-02
4.8152e-02
5.3582e-02
5.6658e-02
5.9930e-02
6.5956e-02
7.1051e-02
7.4936e-02
8.3495e-02
9.7300e-02
1.1067e-01
1.2225e-01
1.3160e-01
1.3972e-01
1.4843e-01
1.5243e-01
1.4456e-01
1.2429e-01
9.0903e-02
5.0804e-02
2.6182e-02
2.4143e-02
2.9079e-02
2.8977e-02
2.0466e-02
4.2931e-03
-1.4589e-02
-3.3492e-02
-5.0111e-02
-6.7256e-02
-8.9120e-02
-1.0888e-01
-1.1634e-01
-1.1669e-01
-1.1398e-01
-1.0449e-01
-9.3744e-02
-9.0200e-02
-9.5687e-02
-1.0149e-01
-1.0344e-01
-1.1103e-01
-1.2538e-01
-1.3043e-01
-1.1937e-01
-1.0438e-01
-9.0529e-02
-7.4702e-02
-5.9851e-02
-5.2187e-02
-5.2143e-02
-5.3219e-02
-5.1651e-02
-5.0523e-02
-5.1072e-02
-5.2676e-02
-5.3007e-02
-5.3874e-02
-5.6801e-02
-5.8225e-02
-6.0218e-02
-6.5945e-02
-7.6112e-02
-8.7659e-02
-9.6029e-02
-1.0196e-01
-1.0848e-01
-1.1431e-01
-1.1910e-01
-1.2600e-01
-1.3352e-01
-1.3965e-01
-1.4179e-01
-1.4146e-01
-1.4193e-01
-1.4207e-01
-1.3852e-01
-1.3306e-01
-1.2828e-01
-1.2381e-01
-1.1128e-01
-8.5709e-02
-6.3026e-02
-5.5107e-02
-5.6695e-02
-5.9901e-02
-6.5537e-02
-7.3958e-02
-8.2288e-02
-8.5879e-02
-8.4898e-02
-7.9730e-02
-6.9380e-02
-5.6593e-02
-4.4511e-02
-3.3089e-02
-2.2725e-02
-1.5044e-02
-7.3099e-03
1.5371e-03
1.0261e-02
2.1901e-02
3.6022e-02
5.2874e-02
7.1617e-02
9.0964e-02
1.1461e-01
1.3915e-01
1.5972e-01
1.7353e-01
1.8492e-01
1.9626e-01
2.0839e-01
2.2679e-01
2.5587e-01
2.9204e-01
3.2714e-01
3.5735e-01
3.7306e-01
3.4615e-01
3.1128e-01
2.9568e-01
2.8645e-01
2.6603e-01
2.3972e-01
2.2804e-01
2.3071e-01
2.3569e-01
2.3494e-01
2.1939e-01
1.9198e-01
1.5925e-01
1.3067e-01
1.0740e-01
8.7962e-02
7.5116e-02
6.6816e-02
5.5534e-02
3.9271e-02
2.4562e-02
1.1621e-02
-1.0615e-03
-1.3337e-02
-2.3597e-02
-2.9667e-02
-3.2193e-02
-3.5270e-02
-4.0266e-02
-4.3665e-02
-4.4383e-02
-4.3623e-02
-4.0610e-02
-3.0613e-02
-1.0530e-02
1.9641e-02
5.5631e-02
8.9777e-02
1.2357e-01
1.5547e-01
1.7963e-01
1.9560e-01
2.0377e-01
2.0382e-01
1.9891e-01
1.8969e-01
1.7610e-01
1.5866e-01
1.4214e-01
1.3265e-01
1.2899e-01
1.2718e-01
1.2399e-01
1.1448e-01
1.0066e-01
8.5525e-02
6.8980e-02
5.5665e-02
4.6674e-02
3.8355e-02
3.2395e-02
3.0810e-02
3.0808e-02
3.0320e-02
3.1713e-02
3.3666e-02
3.2821e-02
3.1537e-02
3.0560e-02
2.7198e-02
1.9333e-02
8.2302e-03
-7.1758e-05
-2.6692e-03
-3.0594e-03
-8.6224e-04
4.4154e-03
1.2047e-02
2.0477e-02
2.5845e-02
2.6097e-02
2.2921e-02
1.9666e-02
1.7894e-02
1.4154e-02
9.7409e-03
6.6275e-03
4.3975e-03
2.9661e-03
2.5531e-03
1.3153e-03
-5.0250e-04
-4.6791e-03
-1.1488e-02
-1.8584e-02
-2.6793e-02
-3.6124e-02
-4.3191e-02
-4.5524e-02
-4.4345e-02
-4.4561e-02
-5.2274e-02
-7.4199e-02
-1.0660e-01
-1.4695e-01
-1.8008e-01
-1.9060e-01
-1.9230e-01
-1.9990e-01
-2.0737e-01
-2.0497e-01
-1.9694e-01
-2.0049e-01
-2.2974e-01
-2.8601e-01
-3.6308e-01
-4.2261e-01
-4.1653e-01
-3.6981e-01
-3.4253e-01
-3.5083e-01
-3.5460e-01
-3.3449e-01
-3.0587e-01
-2.7405e-01
-2.3471e-01
-1.9833e-01
-1.6019e-01
-1.2382e-01
-9.8153e-02
-7.7316e-02
-5.7643e-02
-4.1189e-02
-3.1576e-02
-2.4207e-02
-1.0227e-02
8.6748e-03
2.3487e-02
2.7678e-02
2.2059e-02
1.4953e-02
1.3881e-02
1.8122e-02
2.4619e-02
3.4509e-02
4.6297e-02
5.7834e-02
6.9857e-02
8.1115e-02
8.8715e-02
9.1466e-02
9.1720e-02
9.4464e-02
1.0494e-01
1.1995e-01
1.3212e-01
1.4039e-01
1.4414e-01
1.4039e-01
1.3048e-01
1.2031e-01
1.0976e-01
9.3933e-02
7.1976e-02
4.6642e-02
2.1782e-02
4.8379e-03
-2.0803e-03
-3.5029e-03
3.4926e-03
1.5158e-02
2.5404e-02
3.1129e-02
3.3182e-02
3.4464e-02
3.5915e-02
3.2988e-02
2.5534e-02
1.5621e-02
1.4122e-03
-1.1728e-02
-1.8555e-02
-2.2891e-02
-2.9287e-02
-3.9073e-02
-5.1096e-02
-6.3750e-02
-7.2788e-02
-7.7526e-02
-7.6967e-02
-7.6845e-02
-7.9937e-02
-8.4945e-02
-8.9250e-02
-9.0824e-02
-9.3084e-02
-9.9536e-02
-1.0877e-01
-1.1763e-01
-1.2324e-01
-1.2831e-01
-1.3447e-01
-1.3864e-01
-1.4031e-01
-1.4394e-01
-1.5234e-01
-1.6024e-01
-1.6403e-01
-1.6569e-01
-1.6588e-01
-1.6488e-01
-1.6050e-01
-1.5320e-01
-1.4441e-01
-1.3510e-01
-1.2605e-01
-1.1493e-01
-9.9843e-02
-8.4839e-02
-7.1539e-02
-5.9563e-02
-5.1577e-02
-4.5621e-02
-3.9145e-02
-3.5389e-02
-3.5834e-02
-3.5258e-02
-3.0135e-02
-2.4256e-02
-1.9769e-02
-1.4962e-02
-1.0584e-02
-6.3935e-03
-4.6757e-03
-7.7810e-03
-1.3802e-02
-2.2401e-02
-3.2078e-02
-4.1778e-02
-5.1211e-02
-5.8637e-02
-6.5055e-02
-7.1563e-02
-7.7469e-02
-8.1739e-02
-8.3384e-02
-8.1735e-02
-7.8709e-02
-7.3470e-02
-6.6077e-02
-5.7142e-02
-4.9339e-02
-4.4382e-02
-4.0656e-02
-3.6417e-02
-2.9591e-02
-2.2642e-02
-1.8366e-02
-1.4805e-02
-7.5642e-03
4.8854e-03
1.8950e-02
3.0527e-02
4.3017e-02
5.8783e-02
7.5814e-02
9.2000e-02
1.0925e-01
1.2887e-01
1.4709e-01
1.6384e-01
1.7717e-01
1.8685e-01
1.9687e-01
2.0859e-01
2.2021e-01
2.2843e-01
2.3444e-01
2.4079e-01
2.4774e-01
2.5411e-01
2.5574e-01
2.5776e-01
2.6848e-01
2.8485e-01
3.0337e-01
3.2968e-01
3.7237e-01
4.1781e-01
4.5396e-01
4.8257e-01
4.8814e-01
4.6175e-01
4.1257e-01
3.6705e-01
3.2441e-01
2.8431e-01
2.6729e-01
2.6675e-01
2.6816e-01
2.6823e-01
2.6898e-01
2.6832e-01
2.5954e-01
2.4159e-01
2.2062e-01
2.0318e-01
1.8863e-01
1.7364e-01
1.5584e-01
1.3968e-01
1.2585e-01
1.0976e-01
9.3935e-02
7.9509e-02
6.8159e-02
5.6114e-02
4.2170e-02
2.9068e-02
1.8942e-02
1.2898e-02
2.9085e-03
-1.0494e-02
-1.9211e-02
-2.5528e-02
-3.3578e-02
-4.3481e-02
-5.1763e-02
-5.8286e-02
-6.5046e-02
-7.1115e-02
-7.5445e-02
-7.7616e-02
-7.9439e-02
-7.7309e-02
-6.9697e-02
-6.1650e-02
-5.8430e-02
-5.7831e-02
-5.3876e-02
-5.0509e-02
-4.8612e-02
-4.8073e-02
-4.7854e-02
-4.9004e-02
-5.0763e-02
-5.5825e-02
-6.5423e-02
-7.5813e-02
-8.4109e-02
-9.0521e-02
-9.5254e-02
-9.9129e-02
-1.0274e-01
-1.0907e-01
-1.1699e-01
-1.2466e-01
-1.3305e-01
-1.4307e-01
-1.4899e-01
-1.4739e-01
-1.4073e-01
-1.3549e-01
-1.3364e-01
-1.3644e-01
-1.4661e-01
-1.5990e-01
-1.6851e-01
-1.7094e-01
-1.7108e-01
-1.7535e-01
-1.8455e-01
-1.9527e-01
-2.0894e-01
-2.2787e-01
-2.5067e-01
-2.7107e-01
-2.8802e-01
-3.0681e-01
-3.3037e-01
-3.5190e-01
-3.6140e-01
-3.5659e-01
-3.4284e-01
-3.3046e-01
-3.2320e-01
-3.1701e-01
-3.0633e-01
-2.8938e-01
-2.6773e-01
-2.4711e-01
-2.3044e-01
-2.1181e-01
-1.8316e-01
-1.3765e-01
-7.9506e-02
-2.8581e-02
-2.2107e-03
8.8335e-03
2.5553e-02
4.6912e-02
6.0841e-02
7.1282e-02
8.5253e-02
1.0030e-01
1.1300e-01
1.2335e-01
1.3329e-01
1.4098e-01
1.4317e-01
1.4437e-01
1.4676e-01
1.4959e-01
1.5385e-01
1.5793e-01
1.5843e-01
1.5977e-01
1.6104e-01
1.5477e-01
1.4480e-01
1.3864e-01
1.3265e-01
1.2673e-01
1.2656e-01
1.2740e-01
1.2538e-01
1.2327e-01
1.2695e-01
1.3365e-01
1.3914e-01
1.4312e-01
1.4220e-01
1.2879e-01
1.1341e-01
1.0898e-01
1.1571e-01
1.2063e-01
1.1489e-01
1.1074e-01
1.2041e-01
1.3530e-01
1.4187e-01
1.3748e-01
1.2886e-01
1.2164e-01
1.1268e-01
1.0241e-01
9.5305e-02
8.9947e-02
7.5608e-02
4.7388e-02
1.6385e-02
-1.4359e-02
-4.4605e-02
-7.0426e-02
-9.8930e-02
-1.3430e-01
-1.6857e-01
-1.8844e-01
-2.0062e-01
-2.1828e-01
-2.2969e-01
-2.1753e-01
-1.9000e-01
-1.6950e-01
-1.6316e-01
-1.6216e-01
-1.5587e-01
-1.4914e-01
-1.5169e-01
-1.6110e-01
-1.6618e-01
-1.5988e-01
-1.4526e-01
-1.2651e-01
-1.0265e-01
-7.5893e-02
-4.8268e-02
-1.7297e-02
1.6331e-02
4.1923e-02
5.3854e-02
6.2941e-02
7.0235e-02
6.7916e-02
5.7988e-02
4.8109e-02
3.8779e-02
2.7683e-02
1.6515e-02
5.8031e-03
-2.8030e-03
-1.0430e-02
-1.7376e-02
-1.8628e-02
-1.6269e-02
-1.6590e-02
-1.8822e-02
-2.0154e-02
-2.2583e-02
-2.4790e-02
-2.3393e-02
-2.4012e-02
-2.6694e-02
-2.7029e-02
-2.7182e-02
-2.8249e-02
-3.0237e-02
-3.3585e-02
-3.4272e-02
-3.0540e-02
-2.6521e-02
-2.7581e-02
-2.8160e-02
-2.6006e-02
-2.5387e-02
-2.6465e-02
-2.7696e-02
-2.6540e-02
-2.4245e-02
-2.0919e-02
-1.5125e-02
-8.6373e-03
-2.4950e-03
1.4618e-03
3.8434e-03
7.0041e-03
8.4561e-03
7.2750e-03
5.5930e-03
6.4423e-03
9.8606e-03
1.3805e-02
1.9766e-02
2.3741e-02
2.3313e-02
2.0822e-02
1.7279e-02
1.3007e-02
6.1785e-03
-1.0622e-03
-3.1867e-03
-7.5281e-04
4.1798e-04
-5.8247e-04
-2.5952e-03
-2.2348e-03
-3.0725e-03
-8.2263e-03
-1.5086e-02
-1.9939e-02
-2.1801e-02
-2.2545e-02
-2.3939e-02
-2.4795e-02
-2.4750e-02
-2.4764e-02
-2.5024e-02
-2.5126e-02
-2.4079e-02
-1.8624e-02
-1.1233e-02
-1.1986e-02
-1.4700e-02
-8.2178e-03
3.8944e-03
1.2793e-02
1.9665e-02
2.8204e-02
3.6689e-02
4.2525e-02
4.7208e-02
4.8412e-02
4.6516e-02
4.4486e-02
4.3641e-02
4.1946e-02
3.7756e-02
3.4592e-02
3.2949e-02
2.6779e-02
2.0282e-02
1.5639e-02
1.0094e-02
1.8471e-03
-7.9843e-03
-1.8110e-02
-2.5829e-02
-3.2495e-02
-3.7178e-02
-3.8757e-02
-3.8160e-02
-3.8366e-02
-3.7433e-02
-3.0423e-02
-2.1433e-02
-1.6777e-02
-1.5145e-02
-1.3352e-02
-9.5217e-03
-6.3535e-03
-4.1394e-03
-3.1724e-04
4.2691e-03
9.2892e-03
1.7025e-02
2.5488e-02
3.2424e-02
3.7624e-02
4.2011e-02
4.9812e-02
5.8581e-02
6.3838e-02
6.7184e-02
7.2192e-02
8.1058e-02
9.0118e-02
9.5406e-02
9.6484e-02
9.7088e-02
9.8523e-02
9.8702e-02
9.8397e-02
9.4738e-02
8.9618e-02
8.7680e-02
8.9758e-02
9.3139e-02
9.9393e-02
1.0898e-01
1.1985e-01
1.2769e-01
1.3239e-01
1.3564e-01
1.3678e-01
1.3588e-01
1.3271e-01
1.2607e-01
1.1854e-01
1.1236e-01
1.0380e-01
9.1853e-02
7.6309e-02
5.9902e-02
4.8452e-02
4.0790e-02
3.5032e-02
3.4036e-02
3.3530e-02
2.7774e-02
1.9759e-02
1.2011e-02
6.0390e-03
3.9800e-03
5.9460e-03
5.8068e-03
-6.7571e-04
-1.1098e-02
-1.9136e-02
-2.5718e-02
-3.4358e-02
-4.0426e-02
-4.5226e-02
-5.3267e-02
-6.3993e-02
-7.5367e-02
-8.4290e-02
-9.2162e-02
-1.0068e-01
-1.0638e-01
-1.0686e-01
-1.0598e-01
-1.0408e-01
-9.9074e-02
-8.9378e-02
-7.6987e-02
-6.5336e-02
-5.6328e-02
-5.3189e-02
-5.2288e-02
-5.0366e-02
-4.9491e-02
-4.8487e-02
-4.0206e-02
-2.6801e-02
-1.5383e-02
-9.5889e-03
-1.1805e-02
-1.7699e-02
-1.8516e-02
-1.4143e-02
-6.6062e-03
2.3450e-03
1.0311e-02
1.6734e-02
2.2330e-02
2.2179e-02
1.5813e-02
6.5913e-03
-2.7973e-03
-1.2645e-02
-2.2527e-02
-2.9200e-02
-3.1277e-02
-3.1171e-02
-2.6814e-02
-1.9581e-02
-1.1717e-02
-2.4001e-03
8.1414e-03
1.6145e-02
2.0128e-02
2.4566e-02
3.1734e-02
3.6440e-02
3.6828e-02
3.5449e-02
3.5671e-02
3.6032e-02
3.4073e-02
3.0393e-02
2.6182e-02
2.1718e-02
1.8213e-02
1.6387e-02
1.4908e-02
1.2915e-02
1.0287e-02
8.2827e-03
6.6115e-03
6.8456e-03
5.6105e-03
1.3277e-03
-3.2705e-03
-5.5365e-03
-3.8335e-03
-2.4218e-03
-1.4490e-03
3.3188e-03
1.1284e-02
1.6919e-02
1.6489e-02
1.4881e-02
1.5639e-02
1.4065e-02
9.2691e-03
4.1330e-03
9.0766e-04
-1.6035e-03
-6.6274e-03
-1.3607e-02
-2.1667e-02
-2.7086e-02
-2.8915e-02
-3.1733e-02
-3.6638e-02
-3.9327e-02
-3.9960e-02
-4.1713e-02
-4.2257e-02
-4.1651e-02
-4.1668e-02
-4.2215e-02
-4.2493e-02
-4.4052e-02
-5.0748e-02
-6.0620e-02
-6.8917e-02
-7.2766e-02
-7.5094e-02
-7.8531e-02
-7.9836e-02
-8.0379e-02
-8.1680e-02
-8.1915e-02
-8.0262e-02
-7.8870e-02
-7.6899e-02
-7.2550e-02
-6.9393e-02
-6.6450e-02
-6.4228e-02
-6.3962e-02
-6.1988e-02
-5.5681e-02
-4.2514e-02
-2.3847e-02
-4.0344e-03
1.1188e-02
2.2162e-02
3.2065e-02
4.0074e-02
4.4928e-02
4.7072e-02
5.1736e-02
6.0006e-02
6.7919e-02
7.2037e-02
7.3290e-02
7.3804e-02
7.3892e-02
7.4039e-02
6.9537e-02
6.4829e-02
6.4516e-02
6.4779e-02
6.4520e-02
6.1322e-02
5.6964e-02
5.4113e-02
5.1046e-02
4.6842e-02
3.9244e-02
3.0562e-02
2.2856e-02
1.4173e-02
6.7116e-03
3.0914e-03
-3.0868e-04
-3.6575e-03
-4.1682e-03
-4.3571e-03
-4.2453e-03
-3.0817e-03
1.1439e-05
4.1733e-03
6.2031e-03
6.4889e-03
6.1835e-03
4.6355e-03
2.8286e-03
2.8355e-03
2.3278e-03
1.4716e-05
-1.4139e-03
-3.7943e-03
-9.0587e-03
-1.6809e-02
-2.4169e-02
-2.7409e-02
-2.9064e-02
-3.2817e-02
-3.6943e-02
-4.1696e-02
-4.7047e-02
-5.3745e-02
-6.1512e-02
-6.7304e-02
-7.1401e-02
-7.4536e-02
-7.5548e-02
-7.7633e-02
-7.9800e-02
-7.9159e-02
-7.6695e-02
-7.3738e-02
-6.7908e-02
-6.2086e-02
-5.7859e-02
-5.1208e-02
-4.2219e-02
-3.2768e-02
-2.3779e-02
-1.7117e-02
-1.4253e-02
-1.3616e-02
-1.2885e-02
-1.0306e-02
-8.2115e-03
-1.1353e-02
-1.3776e-02
-1.2101e-02
-9.6188e-03
-5.2821e-03
3.7008e-03
1.6479e-02
2.9748e-02
4.1811e-02
5.3291e-02
6.2864e-02
6.7922e-02
7.1836e-02
7.5335e-02
7.4538e-02
7.3167e-02
7.4488e-02
7.4357e-02
6.8303e-02
6.1718e-02
5.6812e-02
5.0274e-02
4.2186e-02
3.4612e-02
2.7063e-02
1.8099e-02
1.0438e-02
5.1433e-03
-1.6981e-03
-9.6383e-03
-1.3695e-02
-1.5614e-02
-1.9500e-02
-2.4123e-02
-2.6242e-02
-2.7488e-02
-3.0427e-02
-3.2464e-02
-3.5332e-02
-3.8992e-02
-3.9020e-02
-3.5276e-02
-2.7672e-02
-2.0676e-02
-1.5017e-02
-7.8584e-03
1.0893e-03
6.2981e-03
5.7518e-03
4.3528e-03
6.0911e-03
9.9796e-03
1.3129e-02
1.6047e-02
1.9625e-02
2.3350e-02
2.8973e-02
3.8979e-02
4.5393e-02
5.0279e-02
5.9992e-02
7.1021e-02
7.7618e-02
8.0703e-02
8.3397e-02
8.5493e-02
8.6790e-02
9.0295e-02
9.3636e-02
9.4817e-02
9.5411e-02
9.4904e-02
9.1780e-02
8.4135e-02
7.3472e-02
6.7240e-02
6.2342e-02
5.3927e-02
4.5446e-02
3.7998e-02
3.2697e-02
2.9357e-02
2.8599e-02
2.8430e-02
2.4178e-02
1.6841e-02
1.2639e-02
1.1001e-02
5.7858e-03
-5.8129e-03
-1.7283e-02
-2.5199e-02
-3.2839e-02
-4.3409e-02
-5.8982e-02
-7.9160e-02
-9.5226e-02
-1.0267e-01
-1.0455e-01
-1.0501e-01
-1.0718e-01
-1.1069e-01
-1.1232e-01
-1.1205e-01
-1.1016e-01
-1.0969e-01
-1.0948e-01
-1.0684e-01
-1.0479e-01
-1.0310e-01
-1.0332e-01
-1.0504e-01
-1.0701e-01
-1.0853e-01
-1.0995e-01
-1.1105e-01
-1.1078e-01
-1.1034e-01
-1.0984e-01
-1.0774e-01
-1.0434e-01
-1.0040e-01
-9.6719e-02
-9.1144e-02
-8.1634e-02
-7.1977e-02
-6.3613e-02
-5.4949e-02
-4.7814e-02
-4.3144e-02
-4.1036e-02
-3.8548e-02
-3.4538e-02
-3.1766e-02
-2.8437e-02
-2.1901e-02
-1.4182e-02
-6.8583e-03
-3.2033e-05
6.1190e-03
1.2123e-02
1.9798e-02
2.8488e-02
3.8860e-02
4.9496e-02
5.6986e-02
6.5489e-02
7.5562e-02
8.2862e-02
8.6409e-02
8.7410e-02
8.6500e-02
8.4537e-02
8.3348e-02
8.2721e-02
8.5195e-02
9.0765e-02
9.4819e-02
9.8177e-02
1.0202e-01
1.0127e-01
9.2709e-02
7.9655e-02
6.2639e-02
4.7868e-02
4.1465e-02
4.1973e-02
4.2957e-02
3.9988e-02
3.8666e-02
3.7419e-02
3.3487e-02
2.8188e-02
2.3846e-02
1.9967e-02
1.6227e-02
1.4554e-02
1.5119e-02
1.5416e-02
1.4569e-02
1.3331e-02
9.9896e-03
5.2617e-03
2.2029e-03
2.1095e-03
6.8537e-04
-1.0142e-03
-1.2554e-03
-2.4129e-03
-2.7584e-03
-1.1736e-03
-2.5198e-03
-5.7744e-03
-5.8031e-03
-5.0626e-03
-9.0646e-03
-1.3940e-02
-1.5239e-02
-1.8968e-02
-2.0972e-02
-1.9681e-02
-2.0060e-02
-2.0221e-02
-1.8829e-02
-1.5051e-02
-9.5821e-03
-2.5634e-03
4.2206e-03
1.1185e-02
1.5894e-02
1.9102e-02
2.4882e-02
3.1458e-02
3.6490e-02
4.2049e-02
4.6073e-02
4.7497e-02
4.7442e-02
4.9454e-02
5.2115e-02
5.2086e-02
5.1024e-02
5.1022e-02
4.9364e-02
4.1934e-02
3.2409e-02
2.4833e-02
1.8842e-02
1.5671e-02
1.3074e-02
1.0471e-02
8.2622e-03
5.9079e-03
3.9224e-03
1.0344e-03
-1.1976e-03
-3.4535e-03
-5.4539e-03
-6.0638e-03
-7.6315e-03
-9.3557e-03
-1.1153e-02
-1.3263e-02
-1.2968e-02
-1.3886e-02
-1.7135e-02
-1.8499e-02
-1.9425e-02
-2.0295e-02
-1.9879e-02
-1.8208e-02
-1.6096e-02
-1.5829e-02
-1.7074e-02
-1.7390e-02
-1.6553e-02
-1.4663e-02
-1.2383e-02
-1.1935e-02
-1.1834e-02
-9.4585e-03
-5.3886e-03
-3.6671e-03
-2.7359e-03
1.4217e-03
4.1628e-03
5.2922e-03
9.5206e-03
1.5274e-02
2.0233e-02
2.4023e-02
2.8370e-02
3.3574e-02
4.0041e-02
4.5107e-02
4.7674e-02
5.0210e-02
5.1826e-02
5.4011e-02
5.5671e-02
5.4788e-02
5.2183e-02
4.8166e-02
4.2665e-02
3.6960e-02
3.1904e-02
2.6559e-02
1.9412e-02
1.1989e-02
7.4375e-03
1.8756e-03
-5.0305e-03
-1.1385e-02
-1.8620e-02
-2.5700e-02
-2.9161e-02
-3.1368e-02
-3.5522e-02
-4.0585e-02
-4.4153e-02
-4.5368e-02
-4.6048e-02
-4.6420e-02
-4.6510e-02
-4.6264e-02
-4.4433e-02
-4.1872e-02
-3.8479e-02
-3.3239e-02
-2.9087e-02
-2.4986e-02
-1.8504e-02
-1.1918e-02
-4.2415e-03
2.4460e-03
9.1333e-03
1.5475e-02
2.0276e-02
2.7539e-02
3.5918e-02
4.2019e-02
4.8553e-02
5.6611e-02
6.3772e-02
6.7991e-02
7.0655e-02
7.3060e-02
7.3254e-02
7.1640e-02
6.9640e-02
6.7385e-02
6.6794e-02
7.0086e-02
7.4033e-02
7.4971e-02
7.1834e-02
6.7276e-02
6.0635e-02
5.0683e-02
4.1092e-02
3.4059e-02
2.8126e-02
2.2829e-02
2.0078e-02
1.7704e-02
1.1902e-02
3.3685e-03
-4.3962e-03
-9.4777e-03
-1.4829e-02
-2.0260e-02
-2.3620e-02
-2.6885e-02
-3.1258e-02
-3.5680e-02
-3.9318e-02
-4.2846e-02
-4.7766e-02
-5.1557e-02
-5.3592e-02
-5.7001e-02
-5.9190e-02
-6.0619e-02
-6.2241e-02
-6.2285e-02
-6.4641e-02
-6.8760e-02
-7.3332e-02
-7.6373e-02
-7.7088e-02
-7.9897e-02
-8.5208e-02
-8.9079e-02
-8.9706e-02
-9.4201e-02
-1.0052e-01
-9.9149e-02
-9.4852e-02
-9.3474e-02
-9.0498e-02
-8.5217e-02
-8.0159e-02
-7.6223e-02
-7.1496e-02
-6.5258e-02
-6.0031e-02
-5.5742e-02
-5.0001e-02
-4.5258e-02
-4.1902e-02
-3.6382e-02
-2.9967e-02
-2.6309e-02
-2.4760e-02
-2.4589e-02
-2.2937e-02
-2.0084e-02
-1.9671e-02
-2.0894e-02
-2.1038e-02
-2.0271e-02
-2.0491e-02
-2.2421e-02
-2.3971e-02
-2.6683e-02
-3.1003e-02
-3.5524e-02
-3.9027e-02
-4.5532e-02
-5.2484e-02
-5.6684e-02
-5.9064e-02
-6.1149e-02
-6.1338e-02
-6.0917e-02
-6.1458e-02
-6.1367e-02
-5.8896e-02
-5.5298e-02
-5.2923e-02
-5.2153e-02
-5.0785e-02
-5.0398e-02
-4.8744e-02
-4.5578e-02
-4.3477e-02
-4.0191e-02
-3.6824e-02
-3.5513e-02
-3.4519e-02
-3.2333e-02
-3.0809e-02
-3.1129e-02
-2.9086e-02
-2.5952e-02
-2.3719e-02
-1.8853e-02
-1.4600e-02
-1.2850e-02
-9.6431e-03
-4.8257e-03
-7.3049e-04
1.3040e-03
4.3083e-03
1.0191e-02
1.6273e-02
2.2880e-02
3.0993e-02
4.0930e-02
5.3978e-02
6.8650e-02
8.4716e-02
1.0216e-01
1.1996e-01
1.3446e-01
1.4277e-01
1.5055e-01
1.6270e-01
1.7319e-01
1.7826e-01
1.8042e-01
1.8299e-01
1.8514e-01
1.8804e-01
1.8910e-01
1.8755e-01
1.8517e-01
1.8297e-01
1.7979e-01
1.7672e-01
1.7706e-01
1.7706e-01
1.7056e-01
1.6082e-01
1.5462e-01
1.5077e-01
1.4493e-01
1.3137e-01
1.1213e-01
8.9745e-02
7.0286e-02
5.7242e-02
4.3076e-02
2.9044e-02
1.8581e-02
1.0940e-02
4.5880e-03
-4.0153e-04
-5.2023e-03
-1.0669e-02
-1.5924e-02
-2.2611e-02
-3.0916e-02
-3.8578e-02
-4.4194e-02
-4.7756e-02
-5.0804e-02
-5.3065e-02
-5.4111e-02
-5.4851e-02
-5.3452e-02
-4.9612e-02
-4.8059e-02
-5.0052e-02
-4.9623e-02
-4.5896e-02
-4.4241e-02
-4.3070e-02
-3.8972e-02
-3.6908e-02
-3.7619e-02
-3.8800e-02
-3.9285e-02
-3.8351e-02
-3.7711e-02
-3.7778e-02
-3.6433e-02
-3.4137e-02
-3.3643e-02
-3.3161e-02
-3.1032e-02
-3.0515e-02
-3.3189e-02
-3.5691e-02
-3.5089e-02
-3.3533e-02
-3.2763e-02
-3.0699e-02
-3.0094e-02
-3.1392e-02
-3.1756e-02
-3.0415e-02
-2.8825e-02
-3.0306e-02
-3.1902e-02
-3.1661e-02
-3.2252e-02
-3.3384e-02
-3.4604e-02
-3.4696e-02
-3.2703e-02
-2.9682e-02
-2.9983e-02
-3.1086e-02
-2.8717e-02
-2.5259e-02
-2.2858e-02
-2.0347e-02
-1.8518e-02
-1.7106e-02
-1.5866e-02
-1.4148e-02
-1.1341e-02
-1.0320e-02
-9.3191e-03
-7.9203e-03
-6.0656e-03
-3.9111e-03
-4.0726e-03
-3.1212e-03
-1.0670e-04
1.3376e-04
-1.3597e-03
-1.4929e-03
-1.6280e-03
-3.9400e-03
-5.5866e-03
-6.9895e-03
-8.7054e-03
-1.0823e-02
-1.2601e-02
-1.3221e-02
-1.4956e-02
-1.6199e-02
-1.5575e-02
-1.5183e-02
-1.7024e-02
-1.8761e-02
-1.9381e-02
-1.9593e-02
-1.9847e-02
-2.2573e-02
-2.4763e-02
-2.5021e-02
-2.5139e-02
-2.6559e-02
-2.7868e-02
-2.9109e-02
-3.0918e-02
-3.1293e-02
-3.0417e-02
-3.0294e-02
-3.0931e-02
-3.0710e-02
-2.8387e-02
-2.6263e-02
-2.6835e-02
-2.8045e-02
-2.7753e-02
-2.6452e-02
-2.4331e-02
-2.2638e-02
-2.2213e-02
-1.9680e-02
-1.6365e-02
-1.4501e-02
-1.3211e-02
-1.0642e-02
-7.6617e-03
-7.8819e-03
-8.5271e-03
-5.8973e-03
-3.2091e-03
-1.7471e-03
2.2692e-03
6.5515e-03
1.1047e-02
1.5445e-02
2.0535e-02
2.5089e-02
2.9198e-02
3.3023e-02
3.5760e-02
4.0342e-02
4.5196e-02
4.7450e-02
5.0356e-02
5.4975e-02
5.9110e-02
6.0490e-02
6.1292e-02
6.6272e-02
7.2257e-02
7.5252e-02
7.4775e-02
7.3307e-02
7.2342e-02
6.8116e-02
5.8259e-02
4.5839e-02
3.3636e-02
2.1241e-02
7.2976e-03
-5.1973e-03
-1.1345e-02
-1.7878e-02
-2.7087e-02
-3.3242e-02
-3.5838e-02
-3.8062e-02
-4.4843e-02
-5.1814e-02
-5.4410e-02
-5.6461e-02
-6.0776e-02
-6.5645e-02
-6.8860e-02
-6.8711e-02
-6.6627e-02
-6.3906e-02
-6.3453e-02
-6.2852e-02
-5.8653e-02
-5.3428e-02
-4.9932e-02
-4.7615e-02
-4.5599e-02
-4.1912e-02
-3.8061e-02
-3.7739e-02
-3.7369e-02
-3.4932e-02
-3.4205e-02
-3.5233e-02
-3.5529e-02
-3.4162e-02
-3.1541e-02
-2.9388e-02
-2.8149e-02
-2.5987e-02
-2.0934e-02
-1.5603e-02
-1.3734e-02
-1.0855e-02
-4.2927e-03
2.1046e-03
5.9496e-03
8.3923e-03
1.0999e-02
1.3392e-02
1.8387e-02
2.5691e-02
3.0499e-02
3.4675e-02
4.1475e-02
5.0142e-02
5.6902e-02
6.2338e-02
7.0641e-02
7.8838e-02
8.3333e-02
8.4879e-02
8.4681e-02
8.6099e-02
8.9696e-02
9.0987e-02
8.8050e-02
8.4676e-02
8.3048e-02
8.0176e-02
7.4159e-02
6.7566e-02
6.2734e-02
5.9642e-02
5.5897e-02
4.8798e-02
4.2779e-02
4.1013e-02
4.0989e-02
3.8292e-02
3.5423e-02
3.3053e-02
3.2820e-02
3.3471e-02
3.1948e-02
3.0189e-02
2.9100e-02
2.9232e-02
2.9824e-02
2.9717e-02
2.9249e-02
2.9119e-02
2.8575e-02
2.6448e-02
2.4775e-02
2.4078e-02
2.1779e-02
1.9178e-02
1.7510e-02
1.8277e-02
1.9051e-02
1.7305e-02
1.4209e-02
1.3268e-02
1.4671e-02
1.5388e-02
1.5982e-02
1.9372e-02
2.3005e-02
2.5209e-02
2.7151e-02
2.8746e-02
2.9327e-02
3.0268e-02
3.1611e-02
3.2791e-02
3.2962e-02
2.9731e-02
2.7818e-02
2.9001e-02
2.7089e-02
2.2895e-02
2.0612e-02
1.8207e-02
1.4256e-02
1.0427e-02
5.7463e-03
1.4367e-03
-1.6944e-03
-5.5857e-03
-1.1769e-02
-1.7826e-02
-2.1061e-02
-2.3738e-02
-2.8449e-02
-3.3228e-02
-3.5349e-02
-3.5550e-02
-3.9239e-02
-4.5083e-02
-4.9088e-02
-5.1679e-02
-5.5703e-02
-6.0847e-02
-6.3719e-02
-6.6013e-02
-6.9895e-02
-7.3610e-02
-7.5086e-02
-8.0341e-02
-8.8098e-02
-9.1640e-02
-9.3181e-02
-9.7331e-02
-1.0265e-01
-1.0379e-01
-1.0163e-01
-1.0152e-01
-1.0448e-01
-1.0629e-01
-1.0490e-01
-1.0249e-01
-1.0201e-01
-1.0334e-01
-1.0416e-01
-1.0522e-01
-1.0693e-01
-1.0659e-01
-1.0285e-01
-1.0121e-01
-1.0332e-01
-1.0453e-01
-1.0347e-01
-1.0256e-01
-1.0285e-01
-1.0331e-01
-1.0325e-01
-1.0304e-01
-1.0303e-01
-1.0313e-01
-1.0362e-01
-1.0510e-01
-1.0550e-01
-1.0463e-01
-1.0286e-01
-9.7999e-02
-9.0530e-02
-8.0685e-02
-6.8491e-02
-5.8579e-02
-4.9949e-02
-4.3028e-02
-4.0879e-02
-4.1004e-02
-4.0425e-02
-3.9105e-02
-3.8267e-02
-3.6274e-02
-3.1644e-02
-2.7261e-02
-2.4502e-02
-2.2613e-02
-2.0931e-02
-1.7131e-02
-9.2332e-03
-2.6527e-03
1.6517e-03
7.4785e-03
1.3601e-02
1.7681e-02
2.0538e-02
2.4441e-02
2.8845e-02
3.0930e-02
3.3808e-02
3.7867e-02
4.1265e-02
4.4847e-02
4.8694e-02
5.2457e-02
5.6190e-02
6.0281e-02
6.6027e-02
7.2773e-02
7.6645e-02
7.7741e-02
7.7304e-02
7.7260e-02
7.8226e-02
7.8926e-02
7.9714e-02
8.1985e-02
8.0699e-02
7.6381e-02
7.4124e-02
7.2480e-02
6.8127e-02
6.4739e-02
6.3359e-02
6.2479e-02
5.8357e-02
5.2970e-02
4.9103e-02
4.7868e-02
4.9163e-02
4.8721e-02
4.7273e-02
4.9989e-02
5.3559e-02
5.4583e-02
5.5490e-02
5.7523e-02
6.1099e-02
6.4762e-02
6.7450e-02
6.9872e-02
7.3928e-02
7.8415e-02
8.3330e-02
8.7997e-02
9.2496e-02
9.8302e-02
1.0296e-01
1.0456e-01
1.0666e-01
1.0861e-01
1.0823e-01
1.0743e-01
1.0634e-01
1.0444e-01
1.0190e-01
9.6903e-02
9.0240e-02
8.4391e-02
7.8546e-02
7.4115e-02
7.1426e-02
6.7836e-02
6.3385e-02
6.0607e-02
5.8240e-02
5.4868e-02
5.0777e-02
4.6848e-02
4.3298e-02
3.9215e-02
3.3834e-02
2.9097e-02
2.4712e-02
2.0812e-02
1.7282e-02
1.4380e-02
1.3930e-02
1.3464e-02
1.3072e-02
1.4485e-02
1.5041e-02
1.4076e-02
1.3660e-02
1.4184e-02
1.4542e-02
1.4379e-02
1.4189e-02
1.4231e-02
1.4301e-02
1.3545e-02
1.1870e-02
1.1103e-02
1.0540e-02
1.0530e-02
1.0138e-02
9.2063e-03
1.0283e-02
1.0165e-02
8.2253e-03
8.9365e-03
1.1271e-02
1.0168e-02
6.4503e-03
5.1298e-03
5.8507e-03
4.3751e-03
2.2384e-03
1.5010e-03
1.2828e-04
-1.2577e-03
-1.9294e-03
-2.7521e-03
-2.9082e-03
-3.8561e-03
-5.1183e-03
-4.8280e-03
-4.1994e-03
-4.3930e-03
-4.8224e-03
-4.8356e-03
-4.6438e-03
-4.6059e-03
-4.6871e-03
-4.7176e-03
-4.7887e-03
-6.1484e-03
-8.7684e-03
-1.0806e-02
-1.1992e-02
-1.2928e-02
-1.7074e-02
-2.1679e-02
-2.4237e-02
-2.7200e-02
-3.1353e-02
-3.5518e-02
-3.9449e-02
-4.4732e-02
-5.0762e-02
-5.4720e-02
-5.7252e-02
-6.0910e-02
-6.5249e-02
-6.8045e-02
-7.1352e-02
-7.5945e-02
-7.9915e-02
-8.2727e-02
-8.4267e-02
-8.5361e-02
-8.5652e-02
-8.4566e-02
-8.0688e-02
-7.6580e-02
-7.5529e-02
-7.4764e-02
-7.0532e-02
-6.5121e-02
-6.2430e-02
-6.3272e-02
-6.2621e-02
-5.9664e-02
-5.8070e-02
-5.7624e-02
-5.7888e-02
-5.8083e-02
-5.7095e-02
-5.5235e-02
-5.3743e-02
-5.1581e-02
-5.0044e-02
-4.6701e-02
-4.2741e-02
-4.1187e-02
-3.9779e-02
-3.6894e-02
-3.6430e-02
-3.6953e-02
-3.5407e-02
-3.4416e-02
-3.5012e-02
-3.5376e-02
-3.3981e-02
-3.1292e-02
-3.0112e-02
-2.9226e-02
-2.6109e-02
-2.3577e-02
-2.2326e-02
-1.9810e-02
-1.6167e-02
-1.3209e-02
-1.0765e-02
-8.1961e-03
-5.1171e-03
-1.6598e-03
2.6550e-03
6.5558e-03
9.8453e-03
1.2125e-02
1.4757e-02
1.8077e-02
2.2689e-02
2.7878e-02
3.1115e-02
3.4111e-02
4.0925e-02
5.0445e-02
5.8185e-02
6.4168e-02
6.9650e-02
7.3798e-02
7.7400e-02
8.0293e-02
8.1620e-02
8.1681e-02
8.1061e-02
7.8044e-02
7.3041e-02
6.7408e-02
6.0076e-02
5.0557e-02
4.1158e-02
3.3226e-02
2.2625e-02
1.2792e-02
8.3680e-03
4.8668e-03
4.6234e-04
-1.2551e-03
-2.0643e-03
-4.1157e-03
-4.9134e-03
-4.7167e-03
-6.1368e-03
-7.5487e-03
-8.4409e-03
-7.9269e-03
-5.9330e-03
-5.1150e-03
-4.7194e-03
-4.6431e-03
-5.4016e-03
-6.9717e-03
-8.0670e-03
-1.1342e-02
-1.5200e-02
-1.5690e-02
-1.8321e-02
-2.3061e-02
-2.5133e-02
-2.5607e-02
-2.7444e-02
-3.0191e-02
-3.2335e-02
-3.3104e-02
-3.1796e-02
-2.9232e-02
-2.8065e-02
-2.7836e-02
-2.4874e-02
-2.1832e-02
-1.9831e-02
-1.6286e-02
-1.2499e-02
-1.1112e-02
-1.0251e-02
-8.0359e-03
-6.9192e-03
-8.9437e-03
-1.0593e-02
-1.0827e-02
-1.1009e-02
-1.2055e-02
-1.2285e-02
-1.1881e-02
-1.1961e-02
-1.2310e-02
-1.2354e-02
-1.3306e-02
-1.5713e-02
-1.6893e-02
-1.5964e-02
-1.6328e-02
-1.9243e-02
-2.1021e-02
-2.0882e-02
-2.1305e-02
-2.2714e-02
-2.4013e-02
-2.3719e-02
-2.3173e-02
-2.4477e-02
-2.4935e-02
-2.1831e-02
-1.8584e-02
-1.7299e-02
-1.4975e-02
-1.0368e-02
-6.0641e-03
-2.7001e-03
2.1203e-03
8.5126e-03
1.3039e-02
1.4274e-02
1.6284e-02
2.0124e-02
2.2636e-02
2.3778e-02
2.4127e-02
2.4015e-02
2.5463e-02
2.7014e-02
2.5298e-02
2.3269e-02
2.2595e-02
2.1411e-02
2.0693e-02
1.9908e-02
1.8777e-02
1.7280e-02
1.5136e-02
1.3175e-02
1.1596e-02
9.8432e-03
7.5626e-03
4.1747e-03
1.5509e-03
4.9843e-04
-6.0816e-04
-1.8905e-03
-4.5365e-03
-6.6960e-03
-9.0386e-03
-1.3020e-02
-1.5681e-02
-1.6534e-02
-1.7993e-02
-2.0282e-02
-2.0446e-02
-1.6871e-02
-1.4416e-02
-1.2962e-02
-1.1059e-02
-8.8332e-03
-5.0698e-03
-1.1442e-03
3.9942e-04
6.1560e-04
1.2089e-03
4.6619e-03
8.4615e-03
7.6368e-03
5.4380e-03
6.5286e-03
1.0202e-02
1.1147e-02
8.7460e-03
9.0998e-03
1.2122e-02
1.5133e-02
1.5854e-02
1.7822e-02
2.0507e-02
2.2267e-02
2.3625e-02
2.5524e-02
2.7023e-02
2.7331e-02
2.9641e-02
3.4606e-02
3.8273e-02
3.8798e-02
3.9491e-02
4.2118e-02
4.5559e-02
4.9493e-02
5.1981e-02
5.2569e-02
5.4310e-02
5.5687e-02
5.6735e-02
5.6839e-02
5.7153e-02
5.8008e-02
5.7859e-02
5.8646e-02
5.9186e-02
5.8783e-02
5.7562e-02
5.6437e-02
5.6915e-02
5.6674e-02
5.5022e-02
5.3866e-02
5.4362e-02
5.6150e-02
5.6166e-02
5.5050e-02
5.4807e-02
5.4457e-02
5.4279e-02
5.4742e-02
5.3811e-02
5.2259e-02
5.1284e-02
5.0662e-02
4.7819e-02
4.4935e-02
4.2641e-02
3.6656e-02
2.8462e-02
2.0758e-02
1.2212e-02
4.6172e-03
2.9767e-04
-5.5639e-03
-1.2505e-02
-1.6385e-02
-1.7682e-02
-1.9389e-02
-2.1901e-02
-2.4573e-02
-2.6424e-02
-2.9225e-02
-3.2417e-02
-3.5008e-02
-3.5329e-02
-3.4282e-02
-3.3305e-02
-3.1844e-02
-3.0207e-02
-3.0472e-02
-3.0462e-02
-2.7687e-02
-2.6827e-02
-2.7174e-02
-2.6234e-02
-2.5797e-02
-2.7225e-02
-2.9751e-02
-3.0686e-02
-3.0394e-02
-3.0200e-02
-3.0318e-02
-3.1787e-02
-3.3218e-02
-3.2966e-02
-3.2042e-02
-3.3277e-02
-3.5055e-02
-3.5852e-02
-3.5194e-02
-3.4753e-02
-3.6181e-02
-3.8913e-02
-3.9973e-02
-3.9790e-02
-4.0563e-02
-4.1952e-02
-4.3214e-02
-4.3918e-02
-4.4720e-02
-4.6800e-02
-5.1363e-02
-5.4692e-02
-5.5340e-02
-5.7675e-02
-6.1637e-02
-6.4702e-02
-6.5820e-02
-6.5998e-02
-6.8231e-02
-7.0713e-02
-6.6309e-02
-6.4266e-02
-7.1224e-02
-7.4190e-02
-7.0718e-02
-6.8884e-02
-7.1474e-02
-7.0045e-02
-6.3888e-02
-6.0232e-02
-5.6863e-02
-5.0884e-02
-4.4211e-02
-3.6270e-02
-2.8829e-02
-2.3217e-02
-1.8966e-02
-1.8434e-02
-1.8425e-02
-1.5271e-02
-1.1531e-02
-8.7167e-03
-9.1976e-03
-1.0287e-02
-6.1649e-03
-1.4488e-03
-1.7527e-03
-2.8275e-03
-1.4372e-03
7.4068e-04
1.6650e-03
7.9811e-04
3.1528e-04
1.9799e-03
2.2314e-03
-9.0417e-04
-2.4774e-03
-2.2288e-03
-2.5204e-03
-2.8022e-03
-3.9484e-03
-3.9453e-03
-2.3516e-03
-2.2795e-03
-2.9525e-03
-1.5748e-03
1.1476e-03
1.7692e-03
4.0450e-04
2.9566e-04
2.5191e-03
3.7510e-03
2.7613e-03
2.3509e-03
4.6054e-03
8.1323e-03
1.2639e-02
1.5652e-02
1.7363e-02
1.9362e-02
2.2007e-02
2.7013e-02
3.0987e-02
3.3429e-02
3.8245e-02
4.3472e-02
4.7000e-02
5.1139e-02
5.4887e-02
5.8503e-02
6.0127e-02
6.0176e-02
6.0643e-02
6.1729e-02
6.4812e-02
6.6164e-02
6.2980e-02
5.8872e-02
5.4145e-02
4.6606e-02
3.6599e-02
2.5994e-02
1.8279e-02
1.2724e-02
5.7395e-03
-1.6698e-03
-7.6568e-03
-1.0666e-02
-1.3319e-02
-1.8019e-02
-2.3446e-02
-2.7765e-02
-3.1777e-02
-3.4305e-02
-3.6693e-02
-3.8617e-02
-3.9483e-02
-4.2561e-02
-4.5385e-02
-4.5190e-02
-4.5446e-02
-4.6368e-02
-4.6013e-02
-4.3756e-02
-4.1335e-02
-3.9947e-02
-3.8214e-02
-3.4207e-02
-2.9543e-02
-2.6096e-02
-2.2074e-02
-1.6198e-02
-1.4422e-02
-1.3080e-02
-8.6688e-03
-5.5044e-03
-4.6814e-03
-2.9024e-03
1.3465e-03
4.9903e-03
7.0075e-03
8.5456e-03
1.2095e-02
1.8236e-02
2.2632e-02
2.4232e-02
2.5034e-02
2.7211e-02
3.0798e-02
3.4401e-02
3.5998e-02
3.7664e-02
4.0519e-02
4.1509e-02
4.3240e-02
4.7320e-02
4.9876e-02
5.0598e-02
5.2042e-02
5.3099e-02
5.2240e-02
5.3042e-02
5.4188e-02
5.3240e-02
5.1170e-02
5.0436e-02
4.8599e-02
4.5578e-02
4.4942e-02
4.4193e-02
4.1748e-02
3.9960e-02
3.9068e-02
3.4164e-02
2.8000e-02
2.7027e-02
2.6642e-02
2.2987e-02
1.9848e-02
1.8542e-02
1.7069e-02
1.4888e-02
1.2798e-02
1.0910e-02
8.1679e-03
5.8997e-03
5.6252e-03
4.3158e-03
1.5772e-03
-7.3184e-04
-2.2531e-03
-3.9205e-03
-6.8645e-03
-9.1969e-03
-9.4585e-03
-1.0772e-02
-1.2468e-02
-1.3317e-02
-1.5120e-02
-1.6612e-02
-1.8027e-02
-2.1208e-02
-2.4442e-02
-2.4906e-02
-2.2499e-02
-2.2999e-02
-2.5010e-02
-2.3947e-02
-2.0713e-02
-1.7038e-02
-1.4109e-02
-1.2152e-02
-9.7938e-03
-7.9397e-03
-6.0428e-03
-2.9147e-03
-8.4683e-04
-8.1478e-04
-2.0995e-04
2.4201e-03
3.6110e-03
2.5123e-03
1.9439e-03
2.6203e-03
3.0164e-03
1.3593e-03
-1.5014e-03
-3.3391e-03
-4.3976e-03
-4.6996e-03
-4.3732e-03
-5.7832e-03
-8.8250e-03
-1.0953e-02
-1.0855e-02
-1.1305e-02
-1.5283e-02
-1.7860e-02
-1.6238e-02
-1.6040e-02
-1.6932e-02
-1.6240e-02
-1.5939e-02
-1.6419e-02
-1.6477e-02
-1.4844e-02
-1.3359e-02
-1.2725e-02
-1.1009e-02
-8.7285e-03
-8.2413e-03
-9.0749e-03
-7.5312e-03
-3.9017e-03
-6.0608e-04
9.1589e-05
1.5401e-03
5.4315e-03
1.0215e-02
1.1928e-02
1.3116e-02
1.7336e-02
2.1027e-02
2.3646e-02
2.6688e-02
2.8023e-02
2.9925e-02
3.2860e-02
3.3245e-02
3.2005e-02
3.1433e-02
2.9247e-02
2.6202e-02
2.4478e-02
2.2036e-02
1.8683e-02
1.4495e-02
1.2560e-02
1.0961e-02
6.4173e-03
2.1124e-03
2.2377e-03
3.9325e-03
2.4803e-03
1.9245e-03
4.5427e-03
5.8351e-03
6.4708e-03
9.8864e-03
1.3302e-02
1.4692e-02
1.5832e-02
1.8425e-02
2.2306e-02
2.4598e-02
2.6007e-02
2.9704e-02
3.3607e-02
3.3347e-02
3.1493e-02
3.1732e-02
3.2641e-02
3.1039e-02
2.8028e-02
2.7074e-02
2.9068e-02
2.7777e-02
2.1796e-02
1.6730e-02
1.5404e-02
1.6475e-02
1.5148e-02
1.1008e-02
6.1781e-03
3.4694e-03
3.8025e-03
1.2601e-03
-3.2621e-03
-6.5244e-03
-7.5148e-03
-7.8977e-03
-9.5244e-03
-1.3537e-02
-1.6253e-02
-1.7042e-02
-1.7607e-02
-1.8459e-02
-2.0732e-02
-2.2615e-02
-2.2805e-02
-2.4171e-02
-2.6136e-02
-2.6650e-02
-2.6558e-02
-2.6008e-02
-2.7273e-02
-2.8967e-02
-3.0027e-02
-2.9564e-02
-2.8177e-02
-2.7595e-02
-3.0377e-02
-3.2248e-02
-2.9627e-02
-2.7965e-02
-2.9293e-02
-3.0493e-02
-3.0999e-02
-3.0756e-02
-3.0149e-02
-3.0240e-02
-2.8516e-02
-2.6962e-02
-2.9659e-02
-3.2386e-02
-3.0228e-02
-3.0325e-02
-3.5167e-02
-3.8196e-02
-3.8469e-02
-3.9594e-02
-4.2136e-02
-4.4310e-02
-4.3969e-02
-4.2805e-02
-4.3300e-02
-4.3058e-02
-4.1765e-02
-4.0498e-02
-3.9517e-02
-3.7431e-02
-3.5252e-02
-3.5013e-02
-3.5917e-02
-3.4466e-02
-3.0026e-02
-2.9229e-02
-3.2344e-02
-3.0369e-02
-2.6201e-02
-2.8185e-02
-3.2874e-02
-3.3308e-02
-3.1976e-02
-3.1541e-02
-3.3769e-02
-3.8045e-02
-3.9886e-02
-3.9031e-02
-3.9372e-02
-4.2353e-02
-4.3702e-02
-4.1104e-02
-3.7857e-02
-3.6533e-02
-3.5233e-02
-3.1008e-02
-2.3378e-02
-1.8586e-02
-1.9852e-02
-1.9498e-02
-1.6324e-02
-1.3893e-02
-1.2275e-02
-1.0074e-02
-5.6405e-03
-3.5251e-03
-3.5474e-03
-4.1422e-04
3.2387e-03
3.2537e-03
2.9837e-03
4.9197e-03
9.9800e-03
1.3603e-02
1.3084e-02
1.4637e-02
1.8399e-02
2.0183e-02
1.9702e-02
2.1493e-02
2.5686e-02
2.6831e-02
2.6827e-02
2.8857e-02
3.1718e-02
3.3146e-02
3.2971e-02
3.4394e-02
3.7339e-02
3.9481e-02
4.0723e-02
4.2302e-02
4.4473e-02
4.6715e-02
5.0269e-02
5.3727e-02
5.2365e-02
5.1587e-02
5.2245e-02
5.1400e-02
4.9523e-02
4.6989e-02
4.6326e-02
4.5390e-02
4.2973e-02
3.9847e-02
3.6540e-02
3.4903e-02
3.4551e-02
3.3421e-02
3.0885e-02
3.0845e-02
2.9963e-02
2.6358e-02
2.4181e-02
2.4737e-02
2.3352e-02
2.1339e-02
2.0397e-02
2.0887e-02
2.1339e-02
2.1896e-02
2.0876e-02
1.8798e-02
1.9098e-02
1.9184e-02
1.7735e-02
1.5178e-02
1.3076e-02
1.0758e-02
8.7685e-03
8.1637e-03
6.5873e-03
4.0094e-03
3.0603e-03
4.1128e-03
4.4156e-03
2.3143e-03
-4.5657e-04
3.6082e-04
4.8335e-04
-2.1323e-03
-1.3565e-03
-7.4150e-05
-1.5805e-03
-2.5824e-03
-3.2454e-03
-4.0103e-03
-4.9436e-03
-5.7999e-03
-6.5367e-03
-5.9833e-03
-4.5749e-03
-4.9914e-03
-7.2654e-03
-7.9579e-03
-5.0300e-03
-2.4366e-03
-4.1082e-03
-5.4591e-03
-4.8585e-03
-3.3857e-03
-1.9859e-03
5.3005e-04
3.2982e-03
4.3856e-03
4.1868e-03
5.1364e-03
6.4211e-03
6.2996e-03
5.8273e-03
5.9889e-03
6.6113e-03
8.0137e-03
8.6722e-03
8.0339e-03
7.1628e-03
6.3993e-03
7.4297e-03
7.0541e-03
5.8365e-03
5.4432e-03
4.3967e-03
4.3764e-03
6.0011e-03
5.5803e-03
5.4740e-03
5.7174e-03
4.6132e-03
5.4349e-03
6.6909e-03
6.2609e-03
6.0550e-03
7.8520e-03
8.6626e-03
8.3337e-03
8.6444e-03
8.4056e-03
9.4746e-03
1.0252e-02
1.1139e-02
1.4443e-02
1.6363e-02
1.5664e-02
1.5437e-02
1.5519e-02
1.7633e-02
1.9954e-02
2.0135e-02
2.0371e-02
2.0567e-02
2.0487e-02
2.0586e-02
2.0732e-02
1.9660e-02
1.7175e-02
1.6100e-02
1.7097e-02
1.6671e-02
1.3603e-02
9.8675e-03
8.1547e-03
7.7001e-03
5.9400e-03
4.3110e-03
1.4097e-03
-2.2159e-03
-4.8233e-03
-7.1175e-03
-8.7778e-03
-9.5121e-03
-1.1799e-02
-1.6603e-02
-1.8721e-02
-1.9164e-02
-2.0740e-02
-2.2299e-02
-2.4433e-02
-2.6679e-02
-2.8281e-02
-2.8576e-02
-2.9361e-02
-3.2023e-02
-3.4502e-02
-3.4539e-02
-3.3483e-02
-3.6120e-02
-3.9493e-02
-3.9694e-02
-3.7858e-02
-3.7869e-02
-4.0051e-02
-3.9118e-02
-3.6515e-02
-3.5157e-02
-3.3548e-02
-3.0162e-02
-2.7380e-02
-2.6275e-02
-2.4552e-02
-2.0525e-02
-1.6337e-02
-1.5596e-02
-1.4431e-02
-1.0781e-02
-6.8307e-03
-4.9542e-03
-5.4921e-03
-4.5627e-03
-1.4507e-03
-6.9245e-04
-2.1832e-03
-2.5353e-03
-2.0295e-03
-3.2082e-03
-5.0019e-03
-7.5350e-03
-8.9220e-03
-1.0714e-02
-1.1352e-02
-1.0530e-02
-1.0890e-02
-1.2259e-02
-9.8626e-03
-7.8968e-03
-8.5387e-03
-8.0919e-03
-5.9632e-03
-2.2713e-03
-5.0488e-05
7.6268e-04
2.9310e-03
6.8286e-03
9.1541e-03
1.0012e-02
1.2300e-02
1.5595e-02
1.6934e-02
1.9167e-02
2.0368e-02
1.9020e-02
1.8589e-02
1.7527e-02
1.6186e-02
1.4649e-02
1.2434e-02
9.6931e-03
7.4444e-03
6.3109e-03
4.4428e-03
4.3935e-03
3.0657e-03
1.0850e-03
3.3564e-04
-2.2583e-04
-1.2159e-03
-3.3238e-03
-4.6658e-03
-5.2454e-03
-5.9462e-03
-7.0905e-03
-8.0573e-03
-7.7048e-03
-7.3787e-03
-8.9264e-03
-1.0425e-02
-9.7853e-03
-8.9429e-03
-9.2526e-03
-9.8999e-03
-1.1145e-02
-1.2142e-02
-1.2917e-02
-1.5235e-02
-1.7502e-02
-1.7593e-02
-1.8176e-02
-2.0931e-02
-2.3283e-02
-2.3583e-02
-2.5616e-02
-2.8547e-02
-2.7857e-02
-2.8426e-02
-3.1008e-02
-3.2784e-02
-3.4059e-02
-3.4133e-02
-3.3550e-02
-3.3695e-02
-3.4234e-02
-3.3866e-02
-3.1566e-02
-2.9545e-02
-2.9256e-02
-2.7259e-02
-2.5446e-02
-2.3753e-02
-2.0336e-02
-1.7750e-02
-1.6217e-02
-1.3260e-02
-9.8583e-03
-5.7210e-03
-1.6275e-03
1.7317e-03
5.1492e-03
9.0583e-03
1.3122e-02
1.6815e-02
1.9048e-02
2.0477e-02
2.5733e-02
3.0614e-02
3.1338e-02
3.3367e-02
3.8342e-02
4.1896e-02
4.5950e-02
4.9944e-02
5.2433e-02
5.4644e-02
5.8738e-02
6.2381e-02
6.3544e-02
6.3572e-02
6.4437e-02
6.6213e-02
6.6535e-02
6.6872e-02
6.5547e-02
6.3074e-02
6.3566e-02
6.3695e-02
6.0753e-02
5.6372e-02
5.2454e-02
4.9365e-02
4.6128e-02
4.2308e-02
3.9533e-02
3.7128e-02
3.4303e-02
3.3243e-02
3.1466e-02
2.9277e-02
2.6320e-02
2.2480e-02
2.1371e-02
2.0162e-02
1.6977e-02
1.4174e-02
1.1719e-02
1.0816e-02
1.0116e-02
7.3800e-03
4.0762e-03
9.7225e-04
-7.4654e-04
-1.8174e-03
-4.2848e-03
-8.7991e-03
-1.2237e-02
-1.1364e-02
-1.0112e-02
-1.2869e-02
-1.7184e-02
-1.9959e-02
-1.9651e-02
-1.9642e-02
-2.1107e-02
-2.3038e-02
-2.3061e-02
-2.2798e-02
-2.3669e-02
-2.1404e-02
-1.7415e-02
-1.7745e-02
-1.9361e-02
-1.6948e-02
-1.3785e-02
-1.3637e-02
-1.3759e-02
-1.2414e-02
-1.0749e-02
-9.9844e-03
-9.3465e-03
-8.4556e-03
-7.2503e-03
-5.2934e-03
-2.9053e-03
-2.1848e-03
-1.1018e-03
2.7515e-04
1.1076e-03
2.0094e-03
3.3771e-03
5.7500e-03
6.5755e-03
6.7221e-03
7.5069e-03
7.5836e-03
7.2479e-03
6.1925e-03
5.2784e-03
5.7654e-03
6.3058e-03
4.6557e-03
1.5934e-03
-2.9881e-04
4.4878e-06
7.4696e-04
-1.1437e-03
-4.2309e-03
-5.1321e-03
-6.4833e-03
-7.5538e-03
-5.4869e-03
-4.3717e-03
-7.1526e-03
-9.0304e-03
-7.7224e-03
-6.5562e-03
-7.0995e-03
-7.3167e-03
-6.0734e-03
-6.9291e-03
-8.2615e-03
-8.2893e-03
-8.6408e-03
-8.1089e-03
-8.8552e-03
-1.0397e-02
-1.2095e-02
-1.4440e-02
-1.6844e-02
-1.6329e-02
-1.7470e-02
-1.9206e-02
-1.9484e-02
-2.0491e-02
-2.1045e-02
-2.1324e-02
-2.2671e-02
-2.2290e-02
-2.0803e-02
-2.1467e-02
-2.0480e-02
-1.8153e-02
-1.7654e-02
-1.7420e-02
-1.7226e-02
-1.6513e-02
-1.4117e-02
-1.2294e-02
-1.2050e-02
-1.1628e-02
-1.1518e-02
-1.1691e-02
-1.1488e-02
-1.1142e-02
-1.0184e-02
-7.8957e-03
-5.6683e-03
-4.2118e-03
-1.8161e-03
6.2221e-04
2.0675e-03
3.9466e-03
6.6666e-03
9.6211e-03
9.8988e-03
9.9193e-03
1.2594e-02
1.5525e-02
1.5673e-02
1.4298e-02
1.4325e-02
1.5124e-02
1.2680e-02
8.4385e-03
5.3300e-03
6.3049e-04
-3.2826e-03
-5.0976e-03
-7.1707e-03
-1.1049e-02
-1.6112e-02
-2.1119e-02
-2.3970e-02
-2.7059e-02
-3.0663e-02
-3.4052e-02
-3.8030e-02
-4.1451e-02
-4.1602e-02
-4.0433e-02
-4.2076e-02
-4.3641e-02
-4.1720e-02
-3.9369e-02
-3.6183e-02
-3.1628e-02
-2.6962e-02
-2.4862e-02
-2.2563e-02
-1.8458e-02
-1.5746e-02
-1.4243e-02
-1.0551e-02
-6.0498e-03
-3.8400e-03
-1.5994e-03
1.8221e-03
5.3516e-03
7.1377e-03
8.9428e-03
1.1842e-02
1.3510e-02
1.6019e-02
1.7898e-02
1.7899e-02
1.8589e-02
1.9277e-02
1.9889e-02
2.0669e-02
2.1014e-02
2.3295e-02
2.4856e-02
2.4977e-02
2.4478e-02
2.5501e-02
2.7405e-02
2.7288e-02
2.5275e-02
2.3809e-02
2.3687e-02
2.3250e-02
2.2989e-02
2.2079e-02
1.9305e-02
1.5476e-02
1.4215e-02
1.4677e-02
1.2849e-02
1.1085e-02
1.1622e-02
1.2221e-02
1.0349e-02
7.3123e-03
6.7851e-03
8.1759e-03
7.1827e-03
3.6831e-03
1.2053e-03
3.8445e-04
4.0171e-04
6.9588e-04
4.9728e-04
-2.5653e-04
-1.7972e-03
-2.7289e-03
-3.7033e-03
-6.1069e-03
-9.1564e-03
-8.9934e-03
-9.4083e-03
-1.1734e-02
-1.3582e-02
-1.5317e-02
-1.7348e-02
-1.9494e-02
-2.1346e-02
-2.3098e-02
-2.4505e-02
-2.4425e-02
-2.4389e-02
-2.7230e-02
-3.0757e-02
-2.9083e-02
-2.6457e-02
-2.6844e-02
-2.6971e-02
-2.5978e-02
-2.3848e-02
-2.1124e-02
-1.9282e-02
-1.8752e-02
-1.8579e-02
-1.6456e-02
-1.3490e-02
-1.1628e-02
-1.0349e-02
-8.6675e-03
-7.2519e-03
-6.6900e-03
-4.9702e-03
-2.4044e-03
-1.0902e-03
-9.9670e-04
-9.9860e-04
-1.0561e-03
1.7931e-04
7.8896e-04
1.2097e-03
1.2808e-03
-4.9857e-06
1.7215e-03
5.3344e-03
5.0565e-03
3.0259e-03
2.9876e-03
4.1523e-03
4.6207e-03
5.2411e-03
4.8639e-03
3.4901e-03
6.0773e-03
8.2433e-03
7.2869e-03
7.1224e-03
7.5908e-03
7.7725e-03
7.7162e-03
7.7069e-03
7.7554e-03
7.7689e-03
7.7477e-03
7.7387e-03
7.7475e-03
7.4482e-03
5.6633e-03
3.4313e-03
3.4293e-03
4.6527e-03
4.6819e-03
3.8725e-03
3.6087e-03
3.9110e-03
4.0810e-03
3.9728e-03
3.8799e-03
3.9166e-03
4.4331e-03
5.9533e-03
6.8381e-03
7.6313e-03
7.8190e-03
7.8817e-03
9.8705e-03
1.2203e-02
1.2488e-02
1.3282e-02
1.5307e-02
1.5666e-02
1.4753e-02
1.4680e-02
1.5894e-02
1.7127e-02
1.5574e-02
1.4346e-02
1.5227e-02
1.5989e-02
1.4892e-02
1.3516e-02
1.5095e-02
1.6363e-02
1.5464e-02
1.4668e-02
1.5051e-02
1.5531e-02
1.5438e-02
1.5202e-02
1.5206e-02
1.5315e-02
1.5331e-02
1.5218e-02
1.4083e-02
1.1567e-02
9.3971e-03
8.1220e-03
7.5215e-03
5.8670e-03
3.1437e-03
2.1005e-03
9.7732e-04
-3.6838e-04
-2.3927e-03
-2.0883e-03
-3.9062e-04
-3.0291e-03
-6.7307e-03
-5.6167e-03
-2.6737e-03
-4.1911e-03
-5.7905e-03
-4.0700e-03
-1.7955e-03
-1.4968e-04
-8.3665e-05
-9.9836e-04
-1.0410e-03
-3.5759e-04
-8.2928e-05
-6.2033e-04
-2.5637e-03
-4.7148e-03
-4.9380e-03
-4.9313e-03
-4.5845e-03
-5.5686e-03
-8.5994e-03
-1.0635e-02
-9.6871e-03
-7.6316e-03
-1.0343e-02
-1.5358e-02
-1.6697e-02
-1.5538e-02
-1.7841e-02
-2.1842e-02
-2.2457e-02
-2.2105e-02
-2.2490e-02
-2.2850e-02
-2.2903e-02
-2.2820e-02
-2.2363e-02
-2.0904e-02
-1.9995e-02
-1.8656e-02
-1.6864e-02
-1.6928e-02
-1.7295e-02
-1.5583e-02
-1.4036e-02
-1.2664e-02
-1.1212e-02
-1.1301e-02
-1.2025e-02
-1.1089e-02
-8.1963e-03
-7.2158e-03
-9.8224e-03
-1.0897e-02
-9.4158e-03
-7.8346e-03
-6.8283e-03
-7.2724e-03
-7.3121e-03
-5.5826e-03
-4.2758e-03
-2.8012e-03
-6.6258e-04
5.8693e-04
5.2463e-04
1.4531e-03
2.2145e-03
2.9105e-03
4.0429e-03
2.9996e-03
1.0339e-03
1.3276e-03
1.4751e-03
1.1074e-05
-2.4353e-03
-5.6916e-03
-7.4121e-03
-8.2741e-03
-9.1331e-03
-1.0104e-02
-1.1359e-02
-1.2388e-02
-1.2209e-02
-9.5138e-03
-9.2552e-03
-1.0675e-02
-9.7977e-03
-7.5729e-03
-6.3961e-03
-4.8478e-03
-3.0292e-03
-2.2897e-03
-4.4258e-04
3.3135e-03
5.2866e-03
6.1356e-03
7.7355e-03
1.0268e-02
1.2267e-02
1.2941e-02
1.5927e-02
1.9589e-02
1.9777e-02
1.9665e-02
2.2481e-02
2.5911e-02
2.8943e-02
3.0894e-02
3.2000e-02
3.4076e-02
3.7890e-02
4.0832e-02
4.2205e-02
4.4894e-02
4.7727e-02
4.7656e-02
4.6146e-02
4.4931e-02
4.5075e-02
4.5741e-02
4.4167e-02
4.0797e-02
3.6786e-02
3.2502e-02
2.8989e-02
2.5933e-02
2.2730e-02
2.0635e-02
1.8673e-02
1.5587e-02
1.3935e-02
1.2087e-02
1.0407e-02
8.0112e-03
6.3542e-03
4.2991e-03
2.8014e-03
6.0786e-04
-1.1049e-03
-3.2918e-03
-4.8454e-03
-6.9056e-03
-8.7189e-03
-1.1197e-02
-1.3000e-02
-1.4882e-02
-1.5727e-02
-1.7139e-02
-1.8875e-02
-2.0249e-02
-2.2548e-02
-2.2817e-02
-2.1690e-02
-2.3066e-02
-2.6928e-02
-2.6667e-02
-2.3051e-02
-2.1987e-02
-2.2467e-02
-2.2837e-02
-2.1053e-02
-1.6791e-02
-1.4461e-02
-1.3752e-02
-1.2192e-02
-8.7228e-03
-4.2407e-03
-2.4847e-03
-3.1250e-03
-1.4896e-03
1.9087e-03
4.1613e-03
4.3813e-03
5.4592e-03
8.1884e-03
8.4689e-03
7.1473e-03
7.0914e-03
7.9805e-03
8.1130e-03
5.7909e-03
2.8226e-03
3.4475e-03
5.2400e-03
5.0895e-03
5.3286e-03
7.6704e-03
8.7893e-03
7.7372e-03
8.5126e-03
1.1641e-02
1.2733e-02
1.1474e-02
1.3469e-02
1.6684e-02
1.6332e-02
1.8574e-02
2.2460e-02
2.1671e-02
1.9672e-02
2.0306e-02
2.3007e-02
2.4314e-02
2.3081e-02
2.2335e-02
2.4287e-02
2.6121e-02
2.5205e-02
2.2735e-02
2.1978e-02
2.3059e-02
2.2296e-02
2.0526e-02
1.9540e-02
2.0567e-02
2.0531e-02
1.8720e-02
1.6846e-02
1.5399e-02
1.5459e-02
1.5668e-02
1.2978e-02
1.2140e-02
1.4228e-02
1.4706e-02
1.3209e-02
1.1262e-02
1.0969e-02
1.1849e-02
1.1009e-02
1.0345e-02
9.0068e-03
8.5713e-03
8.3951e-03
5.9921e-03
3.5757e-03
3.2208e-03
1.5631e-03
-7.8604e-04
-3.3398e-03
-5.8566e-03
-7.3482e-03
-8.5647e-03
-8.9746e-03
-8.9234e-03
-1.0743e-02
-1.3636e-02
-1.5609e-02
-1.6634e-02
-1.6842e-02
-1.8449e-02
-2.0785e-02
-2.0855e-02
-2.0265e-02
-2.1938e-02
-2.3076e-02
-2.2288e-02
-2.1766e-02
-2.2174e-02
-2.2616e-02
-2.2518e-02
-2.2181e-02
-2.2140e-02
-2.2309e-02
-2.2853e-02
-2.4410e-02
-2.5274e-02
-2.5925e-02
-2.6074e-02
-2.5751e-02
-2.5305e-02
-2.3598e-02
-2.2172e-02
-2.3604e-02
-2.3492e-02
-2.1502e-02
-1.9364e-02
-1.8100e-02
-1.8611e-02
-1.9356e-02
-1.9009e-02
-1.7881e-02
-1.5740e-02
-1.4039e-02
-1.4096e-02
-1.3504e-02
-1.2359e-02
-1.0885e-02
-9.8956e-03
-9.0368e-03
-8.3525e-03
-7.8661e-03
-8.5225e-03
-7.5292e-03
-6.5557e-03
-6.9963e-03
-7.5379e-03
-7.3752e-03
-7.0069e-03
-7.0872e-03
-7.2979e-03
-7.2630e-03
-6.4643e-03
-4.9363e-03
-4.2232e-03
-3.5381e-03
-3.4123e-03
-3.7338e-03
-3.7395e-03
-3.5518e-03
-4.1332e-03
-5.0086e-03
-4.3238e-03
-4.8850e-03
-5.0166e-03
-3.2388e-03
-2.7764e-03
-3.8095e-03
-4.8076e-03
-5.0866e-03
-4.0940e-03
-4.9062e-03
-5.1241e-03
-3.2224e-03
-2.7219e-03
-3.8105e-03
-4.9214e-03
-6.6611e-03
-7.8925e-03
-6.4987e-03
-4.8379e-03
-6.7198e-03
-8.3212e-03
-7.4967e-03
-6.5903e-03
-6.8969e-03
-7.4077e-03
-7.3589e-03
-7.1163e-03
-7.0776e-03
-6.4837e-03
-4.9813e-03
-4.1265e-03
-3.3566e-03
-3.3728e-03
-3.7769e-03
-3.6608e-03
-3.2705e-03
-2.4977e-03
-1.1404e-03
-1.1609e-03
-2.6427e-03
-3.4911e-03
-2.2385e-03
-2.6693e-03
-3.7213e-03
-3.5513e-03
-3.0867e-03
-3.9281e-03
-5.7964e-03
-6.4645e-03
-6.9116e-03
-6.9370e-03
-6.6794e-03
-6.1083e-03
-5.5810e-03
-7.0586e-03
-7.1451e-03
-4.0980e-03
-1.9677e-03
-2.3768e-03
-1.3236e-03
1.5849e-03
3.9372e-03
5.2539e-03
6.7695e-03
8.9046e-03
1.0948e-02
1.2013e-02
1.1626e-02
1.2628e-02
1.6287e-02
1.7663e-02
1.8013e-02
1.9923e-02
2.2454e-02
2.3021e-02
2.2163e-02
2.3846e-02
2.3889e-02
2.2747e-02
2.2865e-02
2.3538e-02
2.3538e-02
2.2493e-02
2.0891e-02
2.0229e-02
1.9538e-02
1.9480e-02
1.9840e-02
1.9710e-02
1.7967e-02
1.4882e-02
1.4859e-02
1.5236e-02
1.2230e-02
1.0174e-02
8.5846e-03
5.2994e-03
2.9847e-03
1.9523e-03
2.8919e-04
-2.0283e-03
-3.3647e-03
-2.8096e-03
-2.2972e-03
-4.2330e-03
-7.8904e-03
-7.9871e-03
-7.4063e-03
-1.0381e-02
-1.1747e-02
-1.1799e-02
-1.4320e-02
-1.5279e-02
-1.4028e-02
-1.3623e-02
-1.4425e-02
-1.4796e-02
-1.3403e-02
-1.0690e-02
-8.6873e-03
-7.3962e-03
-4.8155e-03
-2.3388e-03
-1.9692e-03
-6.6616e-04
3.0151e-03
5.7187e-03
5.5530e-03
6.4232e-03
7.2682e-03
5.9122e-03
4.4118e-03
3.8983e-03
4.5806e-03
4.9750e-03
4.5449e-03
4.1503e-03
4.2338e-03
4.3597e-03
3.4314e-03
2.9440e-03
3.4828e-03
1.7085e-03
-2.3614e-04
4.1223e-04
2.3716e-03
2.4815e-03
2.1431e-04
-3.5578e-04
8.3177e-04
1.2849e-03
6.7311e-04
3.1329e-04
6.1186e-04
7.6679e-04
6.3594e-04
6.2594e-04
6.7922e-04
5.9905e-04
5.8309e-04
7.0790e-04
7.2743e-04
6.5929e-04
6.4238e-04
4.6429e-04
-2.0434e-03
-3.2657e-03
-2.2614e-03
-3.9829e-03
-7.2230e-03
-7.9407e-03
-7.7704e-03
-9.8381e-03
-1.1343e-02
-1.0650e-02
-1.1432e-02
-1.4456e-02
-1.5500e-02
-1.4060e-02
-1.3464e-02
-1.4190e-02
-1.3283e-02
-1.0528e-02
-9.6249e-03
-9.6427e-03
-7.7021e-03
-6.1042e-03
-4.2495e-03
-2.4869e-03
-3.1102e-03
-3.7062e-03
-6.6970e-04
2.5568e-03
4.0544e-03
4.5881e-03
4.1903e-03
5.6877e-03
8.6038e-03
9.0457e-03
8.1937e-03
1.0931e-02
1.4069e-02
1.5773e-02
1.5959e-02
1.5367e-02
1.6862e-02
1.8475e-02
1.8302e-02
1.8936e-02
1.9678e-02
1.7762e-02
1.5090e-02
1.5140e-02
1.6123e-02
1.3387e-02
1.0231e-02
8.4705e-03
7.8046e-03
6.6604e-03
4.6814e-03
3.2448e-03
8.6380e-04
1.1692e-04
1.2804e-03
1.5761e-03
7.5572e-04
3.3023e-04
6.0472e-04
1.3128e-03
3.2236e-03
5.0361e-03
5.1194e-03
6.1790e-03
8.3801e-03
9.1268e-03
9.2461e-03
8.9796e-03
1.1498e-02
1.3186e-02
1.1981e-02
1.1062e-02
1.1714e-02
1.1912e-02
1.0226e-02
8.9888e-03
8.2149e-03
8.1918e-03
8.6152e-03
8.5276e-03
7.4162e-03
6.4213e-03
7.4095e-03
6.9414e-03
5.2264e-03
3.8043e-03
4.1778e-03
4.2744e-03
1.8607e-03
-2.7234e-04
4.6916e-04
1.6307e-03
1.1874e-03
-1.0633e-03
-4.1919e-03
-3.9299e-03
-2.7482e-03
-5.0803e-03
-7.8514e-03
-7.3135e-03
-6.6489e-03
-8.4853e-03
-8.5301e-03
-6.2231e-03
-5.8814e-03
-7.3138e-03
-9.5914e-03
-1.1624e-02
-1.1828e-02
-1.2029e-02
-1.3168e-02
-1.4585e-02
-1.4622e-02
-1.6032e-02
-1.8891e-02
-1.8767e-02
-1.8263e-02
-2.0770e-02
-2.2836e-02
-2.1889e-02
-1.9901e-02
-1.9990e-02
-2.2303e-02
-2.2855e-02
-2.1518e-02
-1.9979e-02
-1.9358e-02
-2.1039e-02
-2.2819e-02
-2.2160e-02
-2.1075e-02
-2.2262e-02
-2.3367e-02
-2.2776e-02
-2.3373e-02
-2.4052e-02
-2.5002e-02
-2.5981e-02
-2.5539e-02
-2.5181e-02
-2.6631e-02
-2.6804e-02
-2.5203e-02
-2.6162e-02
-2.6913e-02
-2.5550e-02
-2.6207e-02
-2.6853e-02
-2.5384e-02
-2.3580e-02
-2.2970e-02
-2.2519e-02
-2.0469e-02
-1.9151e-02
-1.7416e-02
-1.5443e-02
-1.4624e-02
-1.2946e-02
-1.0560e-02
-8.5432e-03
-6.9998e-03
-5.3008e-03
-3.1537e-03
4.4175e-05
1.8783e-03
3.2414e-03
6.2218e-03
8.3705e-03
8.5087e-03
1.0277e-02
1.2988e-02
1.3892e-02
1.5269e-02
1.7651e-02
1.9903e-02
2.2700e-02
2.4113e-02
2.3496e-02
2.5761e-02
2.8285e-02
2.7774e-02
2.8271e-02
3.1036e-02
3.1663e-02
2.8598e-02
2.6180e-02
2.8077e-02
2.9220e-02
2.7457e-02
2.6541e-02
2.6651e-02
2.4211e-02
2.2279e-02
2.3486e-02
2.4572e-02
2.3952e-02
2.3130e-02
2.2671e-02
1.9927e-02
1.6548e-02
1.5600e-02
1.6529e-02
1.6429e-02
1.2918e-02
1.0116e-02
8.6819e-03
7.7436e-03
5.6312e-03
3.5061e-03
1.3773e-03
-1.8090e-04
-2.0994e-03
-3.5693e-03
-4.5963e-03
-6.2831e-03
-7.1590e-03
-7.6000e-03
-7.1536e-03
-8.3948e-03
-1.1013e-02
-1.0692e-02
-7.7794e-03
-6.7431e-03
-6.3101e-03
-4.4240e-03
-2.5830e-03
-2.3753e-03
-1.1990e-03
1.1233e-03
1.3944e-03
2.7006e-04
1.2759e-04
9.3482e-04
2.2036e-03
5.4404e-03
7.1762e-03
4.4005e-03
2.6607e-03
4.7495e-03
8.1548e-03
9.5525e-03
8.3023e-03
7.2966e-03
7.9115e-03
9.3659e-03
1.1643e-02
1.2972e-02
1.1988e-02
1.1115e-02
1.1696e-02
1.2420e-02
1.3033e-02
1.4207e-02
1.4270e-02
1.4305e-02
1.5834e-02
1.6254e-02
1.5527e-02
1.5403e-02
1.5748e-02
1.5173e-02
1.2851e-02
1.1204e-02
1.2060e-02
1.3699e-02
1.4067e-02
1.3301e-02
1.5420e-02
1.6680e-02
1.6365e-02
1.8184e-02
2.0418e-02
2.0798e-02
2.0029e-02
1.9735e-02
2.1377e-02
2.1080e-02
1.8890e-02
1.8733e-02
1.9811e-02
1.7809e-02
1.2388e-02
8.9466e-03
8.8617e-03
7.0233e-03
1.8138e-03
-1.9802e-03
-2.6428e-03
-4.4244e-03
-7.4339e-03
-9.3660e-03
-1.0820e-02
-1.0691e-02
-1.2105e-02
-1.5228e-02
-1.5283e-02
-1.3713e-02
-1.3827e-02
-1.6271e-02
-1.9018e-02
-1.8916e-02
-1.4790e-02
-1.2238e-02
-1.4409e-02
-1.5971e-02
-1.2352e-02
-8.7770e-03
-1.0206e-02
-1.2176e-02
-1.1519e-02
-1.0283e-02
-1.0319e-02
-1.0989e-02
-1.2444e-02
-1.4704e-02
-1.5263e-02
-1.4051e-02
-1.3699e-02
-1.4477e-02
-1.4918e-02
-1.4673e-02
-1.4434e-02
-1.4378e-02
-1.2836e-02
-9.9978e-03
-8.1020e-03
-7.3147e-03
-7.4180e-03
-7.7263e-03
-7.4399e-03
-6.9767e-03
-6.8935e-03
-6.6865e-03
-5.0085e-03
-3.4086e-03
-6.2256e-03
-8.9188e-03
-7.4434e-03
-6.1311e-03
-8.4816e-03
-1.1640e-02
-1.2184e-02
-1.3440e-02
-1.4972e-02
-1.4467e-02
-1.3814e-02
-1.4286e-02
-1.5361e-02
-1.7360e-02
-1.8943e-02
-1.8403e-02
-1.7463e-02
-1.7780e-02
-1.8486e-02
-1.8545e-02
-1.8249e-02
-1.8174e-02
-1.8298e-02
-1.8350e-02
-1.7368e-02
-1.4283e-02
-1.3488e-02
-1.5195e-02
-1.5709e-02
-1.4240e-02
-1.2106e-02
-1.1323e-02
-1.0994e-02
-1.0977e-02
-1.1154e-02
-1.1027e-02
-1.0759e-02
-1.0705e-02
-1.0806e-02
-1.0850e-02
-1.0771e-02
-9.3454e-03
-6.3533e-03
-6.2529e-03
-7.9691e-03
-8.0842e-03
-7.0090e-03
-5.9388e-03
-5.4856e-03
-7.2588e-03
-8.0946e-03
-7.1150e-03
-6.5348e-03
-6.9791e-03
-7.3708e-03
-7.2441e-03
-7.1128e-03
-8.2610e-03
-1.0826e-02
-1.1889e-02
-1.0638e-02
-9.8982e-03
-1.0552e-02
-1.1244e-02
-1.2220e-02
-1.4247e-02
-1.4236e-02
-1.0905e-02
-9.0882e-03
-9.7039e-03
-8.6405e-03
-6.8149e-03
-6.9142e-03
-6.5886e-03
-3.9717e-03
-2.3678e-03
-3.3527e-03
-3.1790e-03
-1.9787e-04
1.6257e-03
4.5529e-04
-4.4841e-04
1.6493e-03
4.8934e-03
5.2827e-03
3.3948e-03
6.4541e-04
1.8826e-03
5.9524e-03
5.7679e-03
3.4442e-03
3.2418e-03
4.4328e-03
4.7781e-03
4.1931e-03
2.7978e-03
3.1835e-03
4.9514e-03
3.5723e-03
1.4905e-03
3.2221e-03
4.0279e-03
7.9782e-04
-9.3137e-04
8.5604e-04
3.3120e-03
3.6831e-03
3.6135e-03
4.0752e-03
4.1305e-03
4.0520e-03
4.2717e-03
4.9810e-03
7.4499e-03
7.8065e-03
7.3173e-03
9.6886e-03
1.2797e-02
1.4408e-02
1.5767e-02
1.8739e-02
2.0297e-02
2.0826e-02
2.2377e-02
2.2057e-02
2.2244e-02
2.3384e-02
2.3402e-02
2.1954e-02
1.8736e-02
1.8124e-02
1.9992e-02
1.9578e-02
1.5351e-02
1.3905e-02
1.5075e-02
1.2866e-02
1.0847e-02
1.1372e-02
1.0205e-02
7.5272e-03
7.3994e-03
8.7286e-03
8.6563e-03
7.8038e-03
7.6956e-03
7.9738e-03
8.0561e-03
8.0619e-03
7.9976e-03
7.9130e-03
8.0198e-03
8.1063e-03
8.0545e-03
8.0035e-03
8.0462e-03
8.8242e-03
1.0402e-02
1.1091e-02
1.1776e-02
1.1840e-02
1.1467e-02
1.0824e-02
8.9522e-03
7.4223e-03
8.0366e-03
9.0442e-03
1.0144e-02
1.2532e-02
1.2685e-02
1.2344e-02
1.4692e-02
1.6684e-02
1.5960e-02
1.6016e-02
1.8858e-02
2.0712e-02
1.9738e-02
2.0759e-02
2.4171e-02
2.5283e-02
2.4064e-02
2.3404e-02
2.4252e-02
2.3796e-02
2.3269e-02
2.3565e-02
2.3812e-02
2.3625e-02
2.3329e-02
2.1914e-02
1.9297e-02
1.6157e-02
1.4845e-02
1.3782e-02
1.1789e-02
9.3982e-03
7.6759e-03
7.0505e-03
5.2135e-03
4.0720e-03
4.7328e-03
3.7030e-03
5.4233e-04
-8.9673e-04
-2.2342e-03
-3.3391e-03
-3.3466e-03
-6.1009e-03
-1.0060e-02
-1.1671e-02
-1.2329e-02
-1.4428e-02
-1.8105e-02
-1.9856e-02
-2.1118e-02
-2.2243e-02
-2.1962e-02
-2.1285e-02
-2.0093e-02
-1.9410e-02
-1.8230e-02
-1.6020e-02
-1.3452e-02
-1.0257e-02
-8.1629e-03
-6.5353e-03
-3.2255e-03
-1.0130e-04
2.6686e-03
5.0876e-03
8.5932e-03
1.2089e-02
1.2562e-02
1.2478e-02
1.3661e-02
1.4926e-02
1.2738e-02
8.7033e-03
4.9825e-03
1.8150e-03
-1.4053e-03
-4.9481e-03
-7.5047e-03
-8.3687e-03
-1.0419e-02
-1.1254e-02
-1.0528e-02
-1.0266e-02
-8.9781e-03
-7.5335e-03
-8.0683e-03
-5.6730e-03
-2.0452e-04
2.1185e-03
1.8520e-03
5.2742e-03
9.0541e-03
1.0178e-02
1.1293e-02
1.2323e-02
1.2118e-02
1.0860e-02
1.0876e-02
9.0591e-03
5.4431e-03
5.0457e-03
6.8050e-03
5.6542e-03
3.4275e-03
6.2226e-03
9.7568e-03
8.4597e-03
6.4049e-03
6.9553e-03
8.2131e-03
8.2327e-03
7.9707e-03
9.6501e-03
1.2121e-02
1.2208e-02
1.0887e-02
1.0212e-02
8.1622e-03
6.8482e-03
8.0274e-03
8.8078e-03
8.0717e-03
7.3978e-03
7.5723e-03
7.9048e-03
7.8797e-03
7.7239e-03
7.7086e-03
6.8077e-03
3.6589e-03
2.7872e-03
4.5234e-03
5.0713e-03
4.0469e-03
2.5352e-03
-1.8028e-04
-7.1901e-04
-6.0694e-04
-4.0873e-03
-7.4744e-03
-9.2377e-03
-1.1011e-02
-1.1739e-02
-1.3260e-02
-1.5163e-02
-1.5100e-02
-1.5050e-02
-1.7547e-02
-1.9703e-02
-1.8196e-02
-1.4628e-02
-1.3353e-02
-1.4098e-02
-1.2698e-02
-1.0561e-02
-9.8276e-03
-9.4195e-03
-9.3854e-03
-8.5898e-03
-8.1359e-03
-1.0498e-02
-1.2387e-02
-1.2432e-02
-1.3879e-02
-1.8093e-02
-2.3189e-02
-2.6333e-02
-2.6186e-02
-2.4918e-02
-2.7675e-02
-2.8783e-02
-2.5428e-02
-2.3405e-02
-2.2596e-02
-1.9704e-02
-1.4843e-02
-1.0791e-02
-7.9279e-03
-5.4032e-03
-2.2743e-03
7.3514e-04
3.3924e-03
4.3639e-03
4.5282e-03
3.7862e-03
3.0943e-03
3.4766e-03
2.4235e-03
-6.1329e-04
-4.5674e-03
-8.5668e-03
-1.2444e-02
-1.6043e-02
-1.8627e-02
-1.9329e-02
-2.1523e-02
-2.3466e-02
-2.4773e-02
-2.6243e-02
-2.6893e-02
-2.7889e-02
-2.7899e-02
-2.5890e-02
-2.4386e-02
-2.2521e-02
-2.0731e-02
-1.8629e-02
-1.7134e-02
-1.3519e-02
-8.6343e-03
-4.9571e-03
-1.2082e-03
4.7019e-03
1.0377e-02
1.4277e-02
1.9349e-02
2.6512e-02
3.3595e-02
3.7111e-02
3.7151e-02
3.6225e-02
3.6923e-02
3.9198e-02
3.9810e-02
3.6511e-02
3.1095e-02
2.4111e-02
1.6596e-02
1.0751e-02
7.0946e-03
5.1626e-03
3.5944e-03
-2.4228e-04
-4.2270e-03
-5.6407e-03
-6.6150e-03
-1.0008e-02
-1.3678e-02
-1.5026e-02
-1.6015e-02
-1.8182e-02
-1.9473e-02
-2.0099e-02
-2.0573e-02
-2.0781e-02
-2.2199e-02
-2.3250e-02
-2.2645e-02
-2.2096e-02
-2.2452e-02
-2.2861e-02
-2.2792e-02
-2.2597e-02
-2.2598e-02
-2.3157e-02
-2.5168e-02
-2.7065e-02
-2.6615e-02
-2.5529e-02
-2.5776e-02
-2.6542e-02
-2.5490e-02
-2.1875e-02
-2.0117e-02
-1.7424e-02
-1.4305e-02
-1.3382e-02
-9.6337e-03
-3.5837e-03
-9.6950e-04
9.6171e-04
5.0985e-03
9.7875e-03
1.2088e-02
1.2512e-02
1.4588e-02
1.5569e-02
1.6910e-02
1.9544e-02
1.9587e-02
1.8314e-02
1.9345e-02
2.1614e-02
2.2613e-02
2.2781e-02
2.0419e-02
1.7410e-02
1.8269e-02
2.0244e-02
1.9857e-02
1.8627e-02
1.8503e-02
1.8747e-02
1.6341e-02
1.3872e-02
1.4972e-02
1.6112e-02
1.2707e-02
8.9918e-03
7.5436e-03
7.6541e-03
8.4332e-03
7.6862e-03
4.0265e-03
1.5765e-03
4.3254e-04
-5.7736e-05
1.9071e-04
-1.5544e-03
-4.0453e-03
-2.6725e-03
-2.6646e-04
6.2766e-04
-1.2078e-04
-8.6850e-04
-6.2910e-04
-9.6723e-05
-2.3699e-05
-2.4270e-04
2.3472e-04
1.9282e-03
2.9456e-03
3.6195e-03
3.4985e-03
3.1475e-03
3.9996e-03
5.1917e-03
4.6058e-03
4.0630e-03
3.2769e-03
3.3031e-03
3.8369e-03
3.8665e-03
3.4111e-03
1.3320e-03
-1.1940e-03
-6.8787e-04
-5.7934e-04
-3.5904e-03
-7.7431e-03
-8.8392e-03
-7.0312e-03
-8.9145e-03
-1.2498e-02
-1.2167e-02
-1.0481e-02
-1.0566e-02
-1.1523e-02
-1.1445e-02
-9.6555e-03
-8.4267e-03
-7.5902e-03
-5.5247e-03
-3.4367e-03
-3.6726e-03
-4.7104e-03
-3.5002e-03
4.5733e-04
9.2560e-04
-2.2841e-03
-1.7338e-03
7.3872e-04
2.3252e-05
-2.0623e-03
-1.3833e-03
-1.4195e-03
-2.1736e-03
-2.1509e-03
-2.5743e-03
-4.2543e-03
-4.5325e-03
-3.6326e-03
-3.6667e-03
-6.2727e-03
-9.1307e-03
-8.3369e-03
-6.6777e-03
-7.1268e-03
-9.4685e-03
-1.0910e-02
-9.8909e-03
-8.9864e-03
-9.4712e-03
-1.0090e-02
-9.9048e-03
-8.2183e-03
-5.7062e-03
-4.8225e-03
-2.7899e-03
1.4978e-03
3.0672e-03
4.0998e-03
7.2683e-03
1.1164e-02
1.3528e-02
1.4785e-02
1.6043e-02
1.7234e-02
2.0066e-02
2.1125e-02
2.0297e-02
2.1389e-02
2.3217e-02
2.4413e-02
2.3545e-02
2.2078e-02
2.2929e-02
2.2079e-02
1.9685e-02
1.8959e-02
1.7260e-02
1.2412e-02
8.1452e-03
5.4800e-03
1.1825e-03
-3.2844e-03
-7.5385e-03
-1.0267e-02
-1.0318e-02
-1.2621e-02
-1.6307e-02
-1.8744e-02
-1.9559e-02
-1.8571e-02
-1.8231e-02
-1.9051e-02
-1.9583e-02
-1.9251e-02
-1.7619e-02
-1.6343e-02
-1.5637e-02
-1.2583e-02
-1.0265e-02
-9.9257e-03
-8.5551e-03
-7.6085e-03
-7.4691e-03
-4.8365e-03
-2.7934e-03
-3.9747e-03
-4.7813e-03
-2.3974e-03
6.7807e-04
6.5635e-04
-6.1405e-04
8.0902e-04
2.8413e-03
3.8654e-03
3.5436e-03
3.4691e-03
5.7709e-03
8.1981e-03
8.2273e-03
8.9448e-03
1.1167e-02
1.1554e-02
1.0630e-02
1.1266e-02
1.3409e-02
1.3690e-02
1.2551e-02
1.0950e-02
8.5539e-03
8.6645e-03
9.4023e-03
7.7596e-03
6.6957e-03
6.5213e-03
5.3607e-03
4.0100e-03
3.2221e-03
3.6221e-03
4.0166e-03
3.7026e-03
3.3306e-03
3.4329e-03
4.7184e-03
7.1319e-03
8.1737e-03
8.4307e-03
1.0441e-02
1.1809e-02
1.2365e-02
1.4321e-02
1.5526e-02
1.4805e-02
1.5419e-02
1.5863e-02
1.4611e-02
1.4254e-02
1.3545e-02
1.2317e-02
1.1247e-02
1.0669e-02
9.4397e-03
7.5609e-03
7.9917e-03
6.9582e-03
4.4771e-03
2.6953e-03
1.2972e-04
-1.3652e-03
-1.7587e-03
-2.2381e-03
-3.7819e-03
-4.4746e-03
-4.3583e-03
-6.1274e-03
-8.5687e-03
-8.8910e-03
-9.6001e-03
-1.1613e-02
-1.2018e-02
-1.1712e-02
-1.3317e-02
-1.4199e-02
-1.4165e-02
-1.5263e-02
-1.5769e-02
-1.5977e-02
-1.7337e-02
-1.7666e-02
-1.6299e-02
-1.4566e-02
-1.4866e-02
-1.5205e-02
-1.3501e-02
-1.2069e-02
-1.1341e-02
-1.1480e-02
-9.8431e-03
-6.8749e-03
-6.9234e-03
-6.4529e-03
-3.6105e-03
-3.1677e-03
-4.4115e-03
-2.5919e-03
9.0723e-04
6.7042e-04
-1.1850e-03
-1.0512e-03
1.0416e-03
1.7105e-03
6.0634e-04
1.3003e-03
2.2184e-03
3.0742e-03
3.8226e-03
2.2240e-03
5.0389e-04
-2.2295e-06
-9.3784e-05
2.0147e-04
1.5641e-04
-2.6709e-04
-1.6735e-03
-3.9650e-03
-4.5493e-03
-3.3258e-03
-2.9389e-03
-3.6931e-03
-4.1298e-03
-3.6739e-03
-8.4860e-04
1.9935e-03
3.4774e-03
4.1770e-03
6.4970e-03
9.8682e-03
1.1331e-02
1.0651e-02
1.0007e-02
1.0548e-02
1.1199e-02
1.0575e-02
7.4463e-03
5.8309e-03
6.8212e-03
4.9653e-03
2.2405e-03
1.1827e-03
9.3714e-06
-3.2869e-04
1.9584e-04
1.9129e-04
-7.5673e-04
-1.9678e-03
-7.0623e-04
6.1724e-04
-8.3934e-06
-7.9927e-04
-5.6731e-04
-1.1096e-04
-1.2766e-04
-3.3767e-04
-3.6355e-04
-2.7323e-04
-1.1447e-03
-4.1387e-03
-4.9894e-03
-3.2664e-03
-2.7222e-03
-5.1001e-03
-8.6802e-03
-8.5376e-03
-6.5030e-03
-6.4070e-03
-7.5822e-03
-7.8714e-03
-7.3299e-03
-7.1231e-03
-7.2598e-03
-6.7051e-03
-5.1049e-03
-4.2212e-03
-3.5378e-03
-2.8955e-03
-1.1554e-03
-1.4256e-03
-4.4857e-03
-4.5250e-03
1.0837e-03
6.5628e-03
5.4784e-03
3.4435e-03
5.0237e-03
7.7593e-03
7.7215e-03
6.4705e-03
6.4323e-03
7.1015e-03
7.2425e-03
6.9376e-03
6.8910e-03
8.0565e-03
7.9894e-03
6.3150e-03
6.1856e-03
7.0929e-03
7.4227e-03
9.2372e-03
9.8670e-03
6.5926e-03
5.0316e-03
7.8195e-03
8.7311e-03
6.2287e-03
5.3971e-03
6.5308e-03
6.7468e-03
4.6481e-03
2.2243e-03
1.7793e-03
5.4749e-04
-1.3647e-03
-3.7552e-03
-6.1439e-03
-7.2510e-03
-7.4734e-03
-9.5316e-03
-1.1256e-02
-1.0450e-02
-9.6057e-03
-1.0084e-02
-1.1001e-02
-1.2756e-02
-1.4413e-02
-1.3498e-02
-1.0568e-02
-9.0149e-03
-1.0135e-02
-1.0768e-02
-8.3947e-03
-5.7661e-03
-6.1291e-03
-6.6499e-03
-3.7897e-03
-1.7617e-03
-1.2325e-03
-3.1339e-04
5.3613e-04
2.2721e-03
3.8043e-03
3.4083e-03
3.8917e-03
6.8820e-03
7.5396e-03
5.9872e-03
5.5989e-03
6.4646e-03
6.8526e-03
6.5020e-03
6.2311e-03
6.3097e-03
6.3704e-03
5.0788e-03
2.3499e-03
2.1895e-03
2.8837e-03
1.8084e-03
2.6412e-04
-5.1076e-04
-8.2232e-05
-5.3633e-04
-2.7618e-03
-4.0857e-03
-4.8583e-03
-6.4804e-03
-7.3158e-03
-6.8019e-03
-5.5209e-03
-6.4615e-03
-7.7070e-03
-7.2875e-03
-6.3191e-03
-5.5256e-03
-5.9500e-03
-6.3376e-03
-4.9003e-03
-2.4352e-03
-2.0286e-03
-3.2522e-03
-2.3999e-03
4.3882e-04
1.3272e-03
-9.7030e-06
-5.4196e-04
2.1210e-04
7.0391e-04
3.8717e-04
-8.6218e-04
-6.8369e-04
9.3819e-04
9.9445e-04
9.2608e-05
-3.4101e-05
4.2939e-04
5.9289e-04
4.1670e-04
3.1923e-04
3.8935e-04
4.5084e-04
8.7756e-04
2.8008e-03
3.1536e-03
2.5813e-03
2.9721e-03
3.5405e-03
4.8106e-03
6.4184e-03
6.4643e-03
5.7906e-03
7.0697e-03
9.3070e-03
9.6780e-03
9.8297e-03
1.1120e-02
1.0507e-02
8.8540e-03
8.0261e-03
8.4665e-03
8.6132e-03
6.8080e-03
4.8218e-03
4.3561e-03
3.0230e-03
2.2557e-03
2.1725e-03
1.6117e-04
-9.7475e-04
9.0107e-06
5.7483e-04
-9.3259e-05
-9.2857e-04
-1.4750e-03
-3.9178e-04
4.5291e-04
-7.8072e-05
-5.5855e-04
-3.8998e-04
6.9845e-04
3.0370e-03
3.2596e-03
2.9159e-03
4.9284e-03
6.3238e-03
6.9604e-03
7.6502e-03
8.5756e-03
1.0406e-02
1.1071e-02
1.1579e-02
1.2540e-02
1.2620e-02
1.2189e-02
1.2599e-02
1.3341e-02
1.2330e-02
1.1497e-02
1.0938e-02
9.1335e-03
8.8238e-03
9.7034e-03
8.3610e-03
5.7810e-03
5.9088e-03
7.2295e-03
7.1214e-03
6.2821e-03
6.1086e-03
6.2897e-03
5.0278e-03
3.1078e-03
3.3208e-03
3.6453e-03
1.9665e-03
5.9057e-04
5.1542e-04
-3.6043e-04
-1.4550e-03
-1.9012e-03
-2.9071e-03
-3.7178e-03
-3.3825e-03
-2.9911e-03
-3.8336e-03
-5.0736e-03
-5.4380e-03
-4.8665e-03
-3.7820e-03
-3.2749e-03
-3.0604e-03
-3.2443e-03
-3.3320e-03
-2.4516e-03
-7.4745e-04
-8.5187e-05
-8.1851e-04
-6.4707e-04
6.2862e-04
1.4546e-03
1.7109e-03
1.4007e-03
1.1980e-03
1.4164e-03
2.2070e-03
3.5420e-03
4.1269e-03
4.0502e-03
3.7779e-03
3.7385e-03
3.8693e-03
3.2304e-03
2.9936e-03
3.2106e-03
2.4199e-03
7.5758e-04
2.7919e-04
2.4266e-04
-9.4988e-04
-1.8535e-03
-2.8645e-03
-3.8935e-03
-3.6001e-03
-3.7757e-03
-4.7166e-03
-5.5170e-03
-5.7143e-03
-4.5589e-03
-3.0044e-03
-2.9388e-03
-3.7019e-03
-2.3969e-03
-5.6422e-04
-2.3501e-04
1.7452e-04
6.4324e-04
4.3563e-04
2.1640e-04
3.9994e-04
5.7495e-04
4.9890e-04
4.2296e-04
1.0045e-03
9.5552e-04
3.0969e-05
-1.5976e-04
-1.0191e-03
-2.1530e-03
-1.8818e-03
-2.5526e-03
-3.9344e-03
-3.8497e-03
-4.4608e-03
-5.7357e-03
-5.5138e-03
-4.9277e-03
-6.2715e-03
-7.7635e-03
-7.1461e-03
-6.2392e-03
-6.4417e-03
-6.8597e-03
-6.1304e-03
-4.6440e-03
-4.3049e-03
-4.9835e-03
-5.0982e-03
-4.6268e-03
-4.3668e-03
-3.8244e-03
-2.6932e-03
-2.3364e-03
-2.8932e-03
-3.0676e-03
-2.6846e-03
-2.4457e-03
-2.5361e-03
-2.6306e-03
-2.5781e-03
-2.4998e-03
-2.4836e-03
-2.4885e-03
-2.4686e-03
-2.4791e-03
-3.0346e-03
-4.0240e-03
-4.2081e-03
-3.7173e-03
-4.5902e-03
-5.3748e-03
-5.0785e-03
-5.0060e-03
-5.1036e-03
-5.0799e-03
-4.9879e-03
-4.9238e-03
-4.8725e-03
-4.6829e-03
-4.0276e-03
-3.7644e-03
-4.4645e-03
-4.4796e-03
-4.1854e-03
-4.3453e-03
-4.4203e-03
-4.2678e-03
-4.3569e-03
-5.3724e-03
-5.8942e-03
-5.4552e-03
-6.0062e-03
-6.7505e-03
-6.3882e-03
-5.8643e-03
-5.9028e-03
-6.2620e-03
-7.1142e-03
-7.3681e-03
-6.5258e-03
-5.2523e-03
-4.9346e-03
-5.4980e-03
-5.5911e-03
-5.1089e-03
-4.6266e-03
-3.7660e-03
-3.2844e-03
-3.6096e-03
-3.6948e-03
-2.8569e-03
-1.9129e-03
-1.8991e-03
-2.2915e-03
-2.1497e-03
-1.3533e-03
-5.8792e-04
-6.2139e-04
-9.8762e-04
-8.5175e-04
-1.0854e-04
5.5470e-04
4.8704e-04
1.5600e-04
3.5206e-04
1.3157e-03
1.7664e-03
1.3760e-03
1.5064e-03
2.3239e-03
2.9346e-03
3.0749e-03
3.0525e-03
3.5745e-03
3.9794e-03
3.7623e-03
3.8570e-03
4.4150e-03
4.5151e-03
4.2066e-03
4.3387e-03
4.6332e-03
4.7678e-03
4.6906e-03
4.4272e-03
4.0556e-03
3.8317e-03
3.6558e-03
3.4747e-03
3.1352e-03
2.6318e-03
2.2159e-03
1.9597e-03
1.8832e-03
1.6096e-03
1.1814e-03
9.7385e-04
6.3217e-04
5.1365e-04
6.7813e-04
5.6211e-04
-4.5038e-05
-2.1691e-04
1.0575e-04
1.6641e-04
-1.9228e-04
-3.9624e-04
-4.3566e-04
-3.8112e-04
-3.0422e-04
-2.9191e-04
-2.5936e-04
-1.0748e-04
-1.5296e-04
-8.1463e-05
6.1412e-05
5.9007e-05
1.6089e-05
4.4818e-05
9.8123e-05
1.1716e-04
1.1744e-04
1.2966e-04
1.9800e-04
3.1457e-04
2.0362e-04
4.7164e-05
-7.3743e-05
-1.2841e-04
1.1563e-04
3.8762e-04
3.3131e-04
2.2578e-04
3.8921e-04
5.1743e-04
4.6329e-04
4.1642e-04
4.5557e-04
4.9460e-04
4.8496e-04
5.1161e-04
6.8007e-04
8.6427e-04
9.7766e-04
1.0727e-03
1.1675e-03
1.2504e-03
1.3226e-03
1.4617e-03
1.4956e-03
1.5282e-03
1.5889e-03
1.5506e-03
1.4720e-03
1.4423e-03
1.4342e-03
1.4080e-03
1.3598e-03
1.3103e-03
1.2423e-03
1.1409e-03
1.1079e-03
1.0819e-03
9.7901e-04
8.9610e-04
8.4131e-04
8.3057e-04
8.2700e-04
7.6891e-04
6.7354e-04
6.5542e-04
6.8128e-04
6.6577e-04
5.7258e-04
4.6946e-04
5.2141e-04
5.7713e-04
5.1122e-04
4.1198e-04
4.3493e-04
5.2517e-04
5.3821e-04
5.1709e-04
4.9781e-04
4.8757e-04
4.8469e-04
4.6082e-04
4.0742e-04
3.9349e-04
4.0726e-04
3.8476e-04
3.2869e-04
3.1683e-04
3.5085e-04
3.8172e-04
3.7498e-04
3.7164e-04
3.6689e-04
3.6917e-04
4.0181e-04
4.2126e-04
3.9489e-04
3.6720e-04
3.6386e-04
3.7521e-04
3.7164e-04
3.3257e-04
3.1032e-04
3.1359e-04
3.0986e-04
2.8198e-04
2.4773e-04
2.3303e-04
2.2082e-04
2.0253e-04
1.8214e-04
1.6724e-04
1.4452e-04
1.1842e-04
9.8971e-05
8.4602e-05
6.8737e-05
5.1215e-05
3.6619e-05
2.5831e-05
1.5463e-05
3.9988e-06
-1.1544e-05
-1.9806e-05
-1.4599e-05
-1.7015e-05
-2.1309e-05
-1.9007e-05
-1.6062e-05
-1.4396e-05
-1.3116e-05
-5.1664e-06
4.3394e-06
9.9903e-06
1.4267e-05
2.0355e-05
3.1034e-05
4.5476e-05
5.6828e-05
6.1203e-05
6.4781e-05
7.2122e-05
7.9001e-05
8.6202e-05
9.0350e-05
9.2124e-05
9.7650e-05
1.0226e-04
1.0522e-04
1.0889e-04
1.0983e-04
1.1154e-04
1.1283e-04
1.1224e-04
1.1331e-04
1.1371e-04
1.1063e-04
1.0877e-04
1.1034e-04
1.1003e-04
1.0718e-04
1.0616e-04
1.0517e-04
1.0165e-04
9.7980e-05
9.7461e-05
9.7571e-05
9.3737e-05
8.8967e-05
8.6961e-05
8.5870e-05
8.2613e-05
7.7993e-05
7.4316e-05
7.2822e-05
7.1318e-05
6.7979e-05
6.4449e-05
6.1893e-05
5.9252e-05
5.6184e-05
5.3291e-05
5.0288e-05
4.7628e-05
4.5338e-05
4.2700e-05
4.0210e-05
3.8345e-05
3.6519e-05
3.4219e-05
3.1691e-05
2.9649e-05
2.8094e-05
2.6378e-05
2.4159e-05
2.2084e-05
2.0654e-05
1.9128e-05
1.7259e-05
1.5342e-05
1.3590e-05
1.2022e-05
1.0429e-05
8.7497e-06
7.0827e-06
5.4735e-06
3.8845e-06
2.2894e-06
6.9979e-07
-8.7056e-07
-2.3942e-06
-3.9038e-06
-5.4344e-06
-6.9613e-06
-8.4923e-06
-1.0009e-05
-1.1477e-05
-1.2921e-05
-1.4400e-05
-1.5892e-05
-1.7348e-05
-1.8773e-05
-2.0192e-05
-2.1605e-05
-2.3001e-05
-2.4379e-05
-2.5743e-05
-2.7100e-05
-2.8445e-05
-2.9764e-05
-3.1067e-05
-3.2361e-05
-3.3639e-05
-3.4898e-05
-3.6148e-05
-3.7385e-05
-3.8603e-05
-3.9810e-05
-4.1003e-05
-4.2182e-05
-4.3348e-05
-4.4501e-05
-4.5640e-05
-4.6767e-05
-4.7881e-05
-4.8981e-05
-5.0069e-05
-5.1143e-05
-5.2205e-05
-5.3254e-05
-5.4290e-05
-5.5313e-05
-5.6323e-05
-5.7321e-05
-5.8306e-05
-5.9278e-05
-6.0238e-05
-6.1185e-05
-6.2120e-05
-6.3043e-05
-6.3953e-05
-6.4851e-05
-6.5737e-05
-6.6611e-05
-6.7472e-05
-6.8322e-05
-6.9160e-05
-6.9986e-05
-7.0801e-05
