4.7224e-03
4.7080e-03
4.6939e-03
4.6806e-03
4.6672e-03
4.6510e-03
4.6357e-03
4.6230e-03
4.6121e-03
4.5993e-03
4.5815e-03
4.5783e-03
4.5648e-03
4.5278e-03
4.5139e-03
4.5071e-03
4.5149e-03
4.5217e-03
4.4881e-03
4.4494e-03
4.4065e-03
4.3995e-03
4.4230e-03
4.3993e-03
4.3875e-03
4.3791e-03
4.3192e-03
4.3236e-03
4.3504e-03
4.3301e-03
4.2955e-03
4.2764e-03
4.3605e-03
4.3434e-03
4.2438e-03
4.2216e-03
4.2443e-03
4.3665e-03
4.2870e-03
4.1531e-03
4.1887e-03
4.0421e-03
3.9469e-03
4.0774e-03
4.1417e-03
4.1340e-03
4.0953e-03
4.0552e-03
4.0865e-03
3.9897e-03
4.0611e-03
4.2368e-03
4.0228e-03
4.1305e-03
4.2231e-03
3.9243e-03
4.0677e-03
4.1217e-03
3.9939e-03
3.9970e-03
3.8606e-03
3.9640e-03
4.0857e-03
4.1286e-03
4.3340e-03
4.2431e-03
3.9657e-03
3.6494e-03
3.6204e-03
4.0114e-03
3.9634e-03
3.6322e-03
3.6211e-03
3.8366e-03
3.6590e-03
3.4821e-03
3.6310e-03
3.6004e-03
3.9716e-03
3.7442e-03
3.6226e-03
4.2902e-03
3.5207e-03
3.2794e-03
4.0681e-03
3.8482e-03
3.5848e-03
3.8251e-03
4.0737e-03
3.9295e-03
3.8227e-03
3.5697e-03
3.0259e-03
3.0062e-03
3.3510e-03
3.7296e-03
3.6424e-03
3.3437e-03
3.6332e-03
4.0740e-03
3.9635e-03
3.7570e-03
3.9911e-03
3.9259e-03
3.8330e-03
3.8838e-03
3.7061e-03
3.7635e-03
3.4461e-03
3.2241e-03
3.6747e-03
4.0330e-03
3.8653e-03
3.2283e-03
3.6434e-03
4.3120e-03
3.6874e-03
3.6948e-03
4.0422e-03
3.2252e-03
3.3424e-03
4.3326e-03
4.0970e-03
3.6824e-03
3.3307e-03
2.8110e-03
3.2267e-03
3.7549e-03
3.6880e-03
3.3488e-03
3.1724e-03
3.4799e-03
3.5909e-03
3.1887e-03
2.8399e-03
3.3602e-03
3.2970e-03
2.2770e-03
2.7591e-03
2.9590e-03
2.0542e-03
2.1739e-03
3.4827e-03
4.5635e-03
3.2968e-03
3.2442e-03
4.8994e-03
3.5390e-03
2.4439e-03
2.9980e-03
3.3345e-03
3.6456e-03
2.9098e-03
3.6308e-03
3.6628e-03
2.5165e-03
3.6423e-03
2.0957e-03
1.9639e-03
4.3611e-03
2.5754e-03
2.2669e-03
3.4066e-03
2.9195e-03
3.4672e-03
4.7950e-03
4.9726e-03
2.9284e-03
2.2136e-03
2.8084e-03
1.8418e-03
1.7976e-03
2.6430e-03
2.0957e-03
2.5718e-03
4.2779e-03
3.4682e-03
2.2364e-03
2.3432e-03
2.0268e-03
2.1100e-03
2.5564e-03
3.1973e-03
3.1709e-03
2.5596e-03
2.5185e-03
2.9403e-03
3.9611e-03
2.7180e-03
1.3375e-03
2.4677e-03
2.5385e-03
2.3285e-03
2.8988e-03
2.5117e-03
2.2688e-03
3.8451e-03
3.5721e-03
1.6695e-03
1.9316e-03
2.2930e-03
2.1636e-03
1.6290e-03
2.3169e-03
3.1314e-03
2.7452e-03
3.3234e-03
1.8159e-03
8.5806e-04
1.8691e-03
2.9514e-03
3.6673e-03
2.0252e-03
2.3131e-03
2.7546e-03
2.1930e-03
3.1176e-03
2.3277e-03
1.9401e-03
2.8149e-03
2.3821e-03
1.6570e-03
2.8027e-03
2.6674e-03
5.9777e-04
1.7983e-03
2.3745e-03
8.6265e-04
1.6420e-03
2.2493e-03
1.7220e-03
1.6436e-03
1.4124e-03
1.3256e-03
1.8014e-03
2.0957e-03
2.1298e-03
2.0644e-03
1.9865e-03
1.8976e-03
1.7697e-03
1.7520e-03
1.7580e-03
2.2656e-03
2.0959e-03
1.6552e-03
2.1247e-03
2.0250e-03
1.8827e-03
2.0889e-03
2.0712e-03
8.9094e-04
5.9612e-04
2.6962e-03
2.3502e-03
1.2698e-03
2.0879e-03
2.0184e-03
2.4275e-03
2.3783e-03
2.3066e-03
4.0147e-03
3.3663e-03
2.2392e-03
2.3605e-03
1.1267e-03
1.2469e-03
2.6189e-03
2.7731e-03
2.2174e-03
2.3385e-03
2.6085e-03
2.4395e-03
2.4609e-03
1.6250e-03
1.5063e-03
1.8084e-03
1.8672e-03
2.7113e-03
2.0596e-03
1.3441e-03
1.6390e-03
2.0332e-03
2.3929e-03
1.4335e-03
1.5703e-03
2.4336e-03
1.7581e-03
1.9449e-03
2.1901e-03
1.3707e-03
1.7292e-03
2.1075e-03
1.1224e-03
1.1573e-03
1.4993e-03
1.0971e-03
2.5124e-03
3.2790e-03
1.7925e-03
1.2341e-03
1.9789e-03
2.0130e-03
1.2919e-04
4.4475e-04
2.5215e-03
1.9044e-03
1.4572e-03
1.0065e-03
1.9511e-03
3.5696e-03
9.5566e-04
6.3918e-04
1.8278e-03
1.1472e-03
2.1190e-03
2.2863e-03
1.8384e-03
1.3906e-03
1.1101e-03
1.1472e-03
1.3296e-03
2.0997e-03
1.3165e-03
1.2000e-03
1.6738e-03
5.3286e-04
1.5226e-04
1.8858e-03
2.7243e-03
1.0532e-03
8.5348e-04
1.5944e-03
2.4953e-03
3.2927e-03
1.8764e-03
1.8941e-03
2.4057e-03
2.0684e-03
1.7475e-03
-2.7386e-04
-6.4996e-04
-7.9126e-04
-2.2566e-03
-9.6173e-04
9.5050e-04
1.4691e-03
2.2537e-03
3.2551e-03
3.8427e-03
4.9723e-03
5.2797e-03
2.8293e-03
3.7879e-04
3.7576e-04
1.5865e-03
1.9003e-03
2.5423e-03
4.0886e-03
4.8568e-03
4.3699e-03
1.2850e-03
-1.6450e-03
-2.6895e-03
-4.6343e-03
-5.5574e-03
-5.2370e-03
-5.6701e-03
-6.2289e-03
-5.9404e-03
-1.9467e-03
3.6284e-03
9.2619e-03
1.7334e-02
2.0859e-02
1.9254e-02
1.8090e-02
1.6616e-02
1.5514e-02
8.9674e-03
4.6352e-04
-3.7105e-03
-1.2147e-02
-2.0078e-02
-2.3839e-02
-2.7003e-02
-2.2593e-02
-1.1995e-02
-1.1888e-03
1.1993e-02
2.6019e-02
3.5459e-02
3.8386e-02
3.5308e-02
2.8323e-02
1.7602e-02
3.2955e-03
-1.4382e-02
-3.1602e-02
-4.0827e-02
-4.6154e-02
-5.1142e-02
-5.2415e-02
-4.6474e-02
-2.8249e-02
-3.2028e-03
2.0630e-02
4.2961e-02
5.8256e-02
6.3360e-02
7.1458e-02
8.4557e-02
8.1718e-02
5.4442e-02
1.8282e-02
-1.2459e-02
-3.5766e-02
-4.8149e-02
-4.8565e-02
-3.8398e-02
-2.2412e-02
-1.0681e-02
-4.7288e-03
-6.5940e-03
-4.1067e-03
1.5854e-02
3.8395e-02
5.3681e-02
5.8829e-02
5.4114e-02
4.1431e-02
2.0632e-02
2.0097e-04
-2.6784e-02
-6.7892e-02
-1.0128e-01
-1.0003e-01
-7.3381e-02
-5.0410e-02
-2.5214e-02
1.8028e-03
2.0423e-02
5.6310e-02
1.0478e-01
1.3010e-01
1.1678e-01
6.8004e-02
2.1843e-02
3.6447e-03
4.6155e-04
2.6509e-03
-7.6372e-03
-3.5167e-02
-5.8085e-02
-6.0753e-02
-5.0059e-02
-3.3558e-02
2.3302e-03
4.1019e-02
7.0174e-02
1.0155e-01
1.1529e-01
1.0982e-01
1.1112e-01
1.1660e-01
9.9675e-02
5.3855e-02
-1.0557e-02
-7.2633e-02
-1.0831e-01
-1.1962e-01
-1.0995e-01
-9.3817e-02
-8.4896e-02
-6.7370e-02
-4.0403e-02
-1.5792e-02
7.7656e-04
1.4554e-02
4.8407e-02
8.7318e-02
1.0222e-01
1.0866e-01
1.0892e-01
1.0336e-01
9.6132e-02
7.6749e-02
4.8249e-02
9.5169e-03
-1.8425e-02
-3.1518e-02
-3.5685e-02
-7.2031e-03
2.3763e-02
4.1855e-02
5.4268e-02
4.5608e-02
2.6787e-02
1.3034e-03
-1.2911e-02
-1.9754e-02
-1.6520e-02
1.2399e-02
8.2560e-03
4.2985e-03
3.5858e-02
3.8945e-02
6.9468e-05
-6.8438e-02
-1.1022e-01
-8.8451e-02
2.6788e-03
1.3075e-01
1.7111e-01
1.1382e-01
3.6171e-02
2.5219e-03
4.3930e-02
8.5508e-02
8.1852e-02
5.0350e-02
9.8998e-03
-3.0108e-02
-7.2648e-02
-9.6954e-02
-8.4688e-02
-3.5752e-02
1.7443e-02
4.6583e-02
6.2916e-02
6.5802e-02
6.8699e-02
9.2485e-02
1.2161e-01
1.5376e-01
1.7459e-01
1.4273e-01
8.3879e-02
2.3946e-02
-5.0598e-02
-1.1462e-01
-1.4312e-01
-1.1514e-01
-4.4174e-02
-1.7232e-03
-4.4048e-03
-1.0133e-03
1.8918e-02
4.2239e-02
7.5218e-02
8.4257e-02
7.5422e-02
6.5057e-02
4.4328e-02
8.6512e-03
-7.5502e-02
-8.2068e-02
2.3117e-02
6.7698e-02
4.0655e-02
-8.7630e-03
-1.2881e-02
4.4449e-02
9.6356e-02
1.5585e-01
1.9016e-01
1.7500e-01
1.2920e-01
7.4556e-02
7.4781e-02
8.6360e-02
7.8902e-02
9.1938e-02
9.0094e-02
9.7345e-02
9.6826e-02
4.0039e-02
1.7835e-02
2.7162e-02
2.8734e-02
5.1994e-02
5.7830e-02
3.4838e-02
1.4554e-02
5.1461e-05
-7.9786e-03
-8.7035e-03
-6.7794e-03
5.4899e-04
1.4781e-02
3.3859e-02
5.6778e-02
6.8125e-02
6.2878e-02
3.1094e-02
-1.3406e-02
-1.9568e-02
5.8169e-03
4.7060e-02
8.4333e-02
9.3306e-02
9.8515e-02
8.2538e-02
5.4107e-02
4.7984e-02
2.9522e-02
6.8976e-03
-5.2024e-03
-1.8879e-02
-2.2999e-02
-2.4188e-02
-1.6656e-02
4.7937e-03
3.2140e-02
5.1101e-02
3.7939e-02
3.9902e-02
7.7112e-02
1.0595e-01
1.2148e-01
9.4811e-02
6.7673e-02
1.0886e-01
1.4913e-01
1.4452e-01
1.3807e-01
1.3181e-01
9.4169e-02
7.0353e-02
5.8334e-02
1.6501e-02
1.6258e-03
5.9849e-03
-5.0491e-03
-1.7714e-02
-2.5478e-02
-2.3518e-02
-2.7109e-02
-3.7829e-02
-4.3323e-02
-4.5577e-02
-3.7532e-02
5.6500e-03
2.0914e-02
-2.5490e-02
-2.9060e-02
-1.7331e-02
-5.2825e-02
-6.4439e-02
-6.2214e-02
-7.6067e-02
-7.3572e-02
-8.3609e-02
-8.8486e-02
-6.9499e-02
-6.5233e-02
-3.9966e-02
-2.3909e-02
-2.8881e-02
-1.0737e-02
-5.1452e-04
3.4539e-02
1.5922e-02
-1.3284e-01
-2.3459e-01
-2.8136e-01
-3.7128e-01
-4.2364e-01
-4.4772e-01
-4.4727e-01
-3.2167e-01
-1.5398e-01
-3.3293e-02
9.3690e-02
1.8460e-01
1.9767e-01
1.5008e-01
8.0163e-02
6.5124e-02
2.2857e-02
-5.1559e-02
-5.2229e-02
-6.4228e-02
-9.3355e-02
-9.2215e-02
-1.0068e-01
-1.0963e-01
-1.3160e-01
-2.0569e-01
-3.1662e-01
-4.3304e-01
-5.3531e-01
-5.8701e-01
-5.9623e-01
-5.8328e-01
-5.4940e-01
-5.1115e-01
-4.4043e-01
-2.9932e-01
-1.4516e-01
-6.1993e-02
-7.5908e-03
2.4012e-02
-2.8812e-02
-9.8120e-02
-1.1741e-01
-1.1648e-01
-1.0041e-01
-6.2839e-02
-4.1327e-02
-2.4540e-02
1.7249e-02
1.2339e-02
-8.2888e-02
-1.4232e-01
-1.1687e-01
-3.8860e-02
1.0021e-01
1.6043e-01
1.6182e-01
2.5432e-01
3.6977e-01
4.7140e-01
5.5979e-01
5.9245e-01
5.7734e-01
5.2966e-01
4.5326e-01
3.8026e-01
3.1671e-01
2.5627e-01
2.2184e-01
1.8074e-01
1.3154e-01
9.9827e-02
6.1115e-02
1.8698e-02
-1.6220e-02
-3.2418e-02
-2.7545e-02
-1.1420e-02
1.6748e-02
4.0917e-02
8.6164e-02
1.5234e-01
1.5369e-01
8.5859e-02
-1.3994e-02
-1.5580e-01
-2.8846e-01
-3.5099e-01
-3.8020e-01
-4.0847e-01
-4.3116e-01
-4.4242e-01
-4.3113e-01
-4.5442e-01
-4.9437e-01
-4.7656e-01
-4.4920e-01
-4.0540e-01
-3.3326e-01
-2.6968e-01
-2.0457e-01
-1.5552e-01
-1.2196e-01
-1.0194e-01
-8.1531e-02
-5.5897e-02
-5.2393e-02
-3.7533e-02
-3.4049e-02
-3.1337e-02
-5.3885e-05
2.5028e-03
4.2678e-03
-9.5343e-04
-3.0772e-02
-5.2367e-02
-7.1567e-02
-8.8033e-02
-1.2135e-01
-1.5602e-01
-2.0014e-01
-2.6728e-01
-3.4661e-01
-4.4817e-01
-5.1008e-01
-5.3652e-01
-5.6159e-01
-6.0667e-01
-6.9841e-01
-7.3323e-01
-6.4285e-01
-4.4788e-01
-2.1168e-01
-1.5635e-02
9.2685e-02
9.9322e-02
9.1619e-02
1.0053e-01
1.2495e-01
2.0117e-01
2.7322e-01
3.2427e-01
3.5536e-01
3.5239e-01
3.3224e-01
3.0828e-01
3.1810e-01
3.5343e-01
3.7882e-01
3.7362e-01
3.4446e-01
3.1871e-01
3.0632e-01
2.9886e-01
2.5178e-01
2.1223e-01
2.0420e-01
1.5452e-01
1.0349e-01
5.4358e-02
7.4767e-04
-1.6282e-02
-4.0104e-02
-5.3595e-02
-4.8090e-02
-4.2467e-02
-1.9303e-02
-1.1171e-02
-1.7491e-02
-3.3077e-03
2.1466e-02
4.1215e-02
8.5562e-02
9.1128e-02
1.7473e-02
2.8058e-02
1.3720e-01
1.9294e-01
1.8511e-01
1.6596e-01
1.6443e-01
2.0905e-01
2.5432e-01
2.8181e-01
3.3193e-01
3.6600e-01
3.5653e-01
3.0686e-01
2.1513e-01
1.3064e-01
8.3748e-02
5.7413e-02
6.5197e-02
8.5740e-02
9.6355e-02
1.2894e-01
1.6686e-01
2.1746e-01
2.6319e-01
2.8368e-01
3.3104e-01
3.9621e-01
4.5172e-01
4.4769e-01
3.9852e-01
3.9397e-01
3.8417e-01
3.0540e-01
1.8548e-01
4.4266e-02
-9.1020e-02
-1.7291e-01
-1.8924e-01
-1.6640e-01
-1.4197e-01
-1.5776e-01
-2.0302e-01
-2.3355e-01
-2.6373e-01
-2.8941e-01
-2.8464e-01
-2.7635e-01
-2.4847e-01
-1.9262e-01
-1.5253e-01
-9.9062e-02
-4.9399e-02
-9.1017e-02
-1.7199e-01
-2.2908e-01
-2.2997e-01
-1.2656e-01
-3.7815e-02
-1.9729e-02
6.0161e-03
4.6338e-02
1.2171e-01
2.2670e-01
3.0738e-01
3.4260e-01
3.6474e-01
3.3336e-01
2.3618e-01
1.6096e-01
7.3113e-02
1.1429e-02
-7.7473e-03
-4.3460e-02
-2.4648e-02
1.7889e-02
4.9475e-02
9.6024e-02
1.3403e-01
1.6739e-01
2.0914e-01
2.4554e-01
2.4592e-01
2.5180e-01
2.9338e-01
3.0459e-01
2.8929e-01
2.5257e-01
1.6379e-01
1.0113e-01
8.1130e-02
6.2216e-02
3.9782e-02
-4.4167e-03
-4.6069e-02
-1.0161e-01
-1.7170e-01
-2.0981e-01
-2.3110e-01
-2.5378e-01
-2.5699e-01
-2.1898e-01
-1.7519e-01
-1.4626e-01
-1.1739e-01
-9.1713e-02
-6.6340e-02
-4.8474e-02
-4.9046e-02
-7.7101e-02
-1.4257e-01
-2.2154e-01
-2.8283e-01
-3.0446e-01
-3.0778e-01
-3.4511e-01
-3.8040e-01
-4.1580e-01
-4.7062e-01
-5.1155e-01
-5.7800e-01
-6.2314e-01
-6.2540e-01
-6.9225e-01
-7.9692e-01
-8.4466e-01
-8.5930e-01
-8.8145e-01
-8.7421e-01
-8.2958e-01
-7.4357e-01
-6.2310e-01
-5.1991e-01
-4.2952e-01
-3.8138e-01
-3.9298e-01
-3.6997e-01
-3.2670e-01
-3.0929e-01
-2.6195e-01
-2.1602e-01
-2.0897e-01
-1.8125e-01
-1.4611e-01
-1.9043e-01
-2.4713e-01
-2.9213e-01
-3.7819e-01
-3.7723e-01
-3.3909e-01
-3.2920e-01
-2.5936e-01
-1.9407e-01
-1.4843e-01
-1.1482e-01
-9.5580e-02
-5.2173e-02
-1.6702e-02
1.2708e-02
3.8292e-02
5.2146e-02
8.0346e-02
8.1027e-02
1.0004e-01
1.2435e-01
9.9835e-02
1.5091e-01
1.2266e-01
1.1323e-01
2.4767e-01
1.2366e-01
9.1865e-03
1.1922e-01
1.8162e-01
2.5891e-01
2.8957e-01
2.8885e-01
3.1288e-01
2.9872e-01
3.1069e-01
2.8516e-01
2.3083e-01
1.6441e-01
6.1040e-02
3.7313e-02
-3.8853e-03
-8.1108e-02
-5.6260e-02
-4.6511e-02
-7.0098e-02
-6.6669e-02
-8.6364e-02
-9.9287e-02
-1.1441e-01
-1.5344e-01
-1.8226e-01
-2.2508e-01
-2.5929e-01
-2.7924e-01
-3.3974e-01
-3.8942e-01
-4.2065e-01
-4.6666e-01
-5.0855e-01
-5.5136e-01
-5.7225e-01
-5.5765e-01
-5.2129e-01
-4.6733e-01
-4.2153e-01
-3.7782e-01
-3.0197e-01
-2.3762e-01
-2.1460e-01
-1.9681e-01
-1.9052e-01
-2.0896e-01
-2.3212e-01
-2.6130e-01
-3.0270e-01
-3.3343e-01
-3.6435e-01
-4.0017e-01
-4.1897e-01
-3.9696e-01
-3.5479e-01
-3.4302e-01
-2.9531e-01
-2.3855e-01
-2.2064e-01
-1.5903e-01
-1.2412e-01
-1.2228e-01
-7.3198e-02
-4.3975e-02
-3.3577e-02
-1.5970e-02
-7.5629e-03
-9.6002e-03
-2.3380e-02
-2.5991e-02
-3.7068e-02
-4.6238e-02
-7.6009e-02
-1.3057e-01
-1.4505e-01
-1.7522e-01
-1.8451e-01
-1.5046e-01
-1.2691e-01
-7.2900e-02
-7.4412e-03
4.8588e-02
8.4734e-02
1.0790e-01
1.1031e-01
8.1216e-02
9.4233e-02
1.2412e-01
1.3235e-01
1.4249e-01
1.5111e-01
1.6038e-01
1.5142e-01
1.3228e-01
1.1430e-01
9.2239e-02
7.9343e-02
7.0149e-02
7.1123e-02
8.8885e-02
1.2392e-01
1.4843e-01
1.7372e-01
1.6969e-01
8.1257e-02
1.2148e-01
2.5692e-01
2.4862e-01
2.5631e-01
2.9351e-01
2.8530e-01
3.2037e-01
3.4032e-01
4.0330e-01
4.1837e-01
3.4359e-01
4.4870e-01
5.2483e-01
4.6215e-01
4.5764e-01
4.4498e-01
4.4181e-01
4.5341e-01
4.4279e-01
4.2198e-01
3.9291e-01
3.6277e-01
3.0944e-01
2.8376e-01
2.5905e-01
2.0538e-01
1.8311e-01
1.6937e-01
1.4187e-01
1.1821e-01
9.6097e-02
7.9012e-02
7.7096e-02
7.5177e-02
1.0569e-01
1.9568e-01
3.1402e-01
4.1358e-01
4.6387e-01
5.1019e-01
5.1175e-01
4.7317e-01
4.8402e-01
4.9816e-01
5.3117e-01
5.7953e-01
5.9636e-01
6.2897e-01
6.4595e-01
6.4480e-01
6.4967e-01
6.4572e-01
6.7137e-01
6.8279e-01
6.7040e-01
6.6496e-01
6.2522e-01
5.8018e-01
5.1607e-01
4.2687e-01
3.7234e-01
3.2928e-01
2.8270e-01
2.4751e-01
2.1814e-01
1.7867e-01
1.3933e-01
1.2787e-01
1.3014e-01
1.2676e-01
1.3108e-01
1.5684e-01
1.6956e-01
1.6442e-01
1.7286e-01
1.8959e-01
2.1712e-01
2.2257e-01
1.9134e-01
1.6281e-01
1.4240e-01
1.3164e-01
1.2564e-01
1.2396e-01
1.0745e-01
7.1764e-02
4.7460e-02
6.2790e-03
-3.0824e-02
-3.5173e-02
-4.8544e-02
-6.9281e-02
-1.0036e-01
-1.2499e-01
-1.2354e-01
-1.3318e-01
-1.3990e-01
-1.4441e-01
-1.6032e-01
-1.6107e-01
-1.5730e-01
-1.5541e-01
-1.4530e-01
-1.1662e-01
-8.4549e-02
-7.1499e-02
-6.9586e-02
-8.7556e-02
-9.7313e-02
-8.7249e-02
-8.8331e-02
-7.9861e-02
-6.6538e-02
-6.5623e-02
-6.8907e-02
-8.2579e-02
-9.7218e-02
-8.5658e-02
-7.8861e-02
-9.5391e-02
-7.9536e-02
-1.0069e-01
-1.4971e-01
-1.2624e-01
-1.1835e-01
-1.0848e-01
-7.3442e-02
-6.2071e-02
-3.0261e-02
-2.1067e-02
-2.8562e-02
-2.1305e-02
-2.2233e-02
1.5088e-03
2.3659e-02
4.3421e-02
5.9458e-02
4.6067e-02
3.5958e-02
5.7660e-03
-1.1018e-02
-2.1523e-02
-2.7457e-02
-1.5538e-02
-9.4298e-02
-9.9299e-02
-2.6479e-03
1.0909e-03
1.2682e-03
7.9913e-03
-3.4933e-03
2.7170e-04
-1.6768e-02
-2.0022e-02
-2.2484e-02
-5.2831e-02
-6.2632e-02
-3.7311e-02
5.8696e-03
3.4905e-02
5.5045e-02
7.6163e-02
7.0031e-02
6.7314e-02
1.0910e-01
1.7567e-01
1.8579e-01
1.4135e-01
1.0150e-01
4.5602e-02
1.2720e-02
1.0540e-02
3.7300e-03
1.1363e-02
2.7211e-02
4.2005e-02
3.8080e-02
3.5515e-02
3.9426e-02
2.2995e-02
1.8208e-02
2.1247e-02
2.3335e-02
3.1493e-02
3.6022e-02
4.6934e-02
5.8522e-02
6.1399e-02
3.4297e-02
-2.3712e-02
-6.7753e-02
-9.4231e-02
-8.6514e-02
-2.9803e-02
1.7949e-02
4.4553e-02
4.8437e-02
1.0406e-02
-4.3402e-02
-1.0182e-01
-1.4030e-01
-1.4171e-01
-1.2642e-01
-1.0314e-01
-7.9012e-02
-6.0483e-02
-5.1739e-02
-4.6882e-02
-4.7091e-02
-5.0756e-02
-4.6263e-02
-3.5435e-02
-2.6185e-02
-2.8380e-02
-2.9700e-02
-2.0840e-02
-5.9607e-03
2.1001e-02
5.4312e-02
7.4840e-02
7.2448e-02
6.1535e-02
5.1653e-02
3.7750e-02
2.3090e-02
1.4563e-02
7.9103e-03
4.8419e-03
1.4506e-02
1.8498e-02
2.5204e-02
4.6852e-02
6.7376e-02
1.0971e-01
1.6225e-01
1.9596e-01
2.2673e-01
2.3642e-01
2.1890e-01
2.1252e-01
2.1308e-01
2.1650e-01
2.3250e-01
2.2613e-01
1.9248e-01
1.5012e-01
1.1314e-01
1.0020e-01
8.8951e-02
7.5322e-02
6.7663e-02
5.5767e-02
4.8201e-02
4.7022e-02
4.7528e-02
4.4521e-02
3.9882e-02
4.3296e-02
5.9405e-02
9.6165e-02
1.5189e-01
2.0091e-01
2.1937e-01
2.2127e-01
2.1538e-01
1.9813e-01
1.6951e-01
1.1991e-01
6.9824e-02
3.3282e-02
9.1591e-03
-2.1501e-03
-1.3587e-02
-2.1428e-02
-2.6412e-02
-3.5076e-02
-4.7731e-02
-4.9942e-02
-3.8740e-02
-2.5189e-02
4.0140e-03
2.6867e-02
3.1835e-02
1.7209e-02
-2.2059e-02
-1.7006e-02
2.6949e-02
4.2967e-02
4.3279e-02
4.0768e-02
3.4396e-02
2.2481e-02
6.6158e-03
3.0715e-03
-8.8577e-03
-3.2408e-02
-4.0888e-02
-4.6581e-02
-4.7265e-02
-3.6246e-02
-2.4288e-02
-7.3933e-03
1.3775e-03
2.5179e-03
2.4910e-02
5.7277e-02
5.6476e-02
1.4203e-02
-3.0037e-02
-3.9671e-02
-2.5453e-02
1.4791e-03
3.2879e-02
5.4887e-02
9.5773e-02
1.3542e-01
1.2754e-01
9.2928e-02
5.3476e-02
1.8836e-02
-6.9075e-03
-1.9525e-02
-1.0331e-02
1.3836e-02
4.3705e-02
7.0292e-02
7.9866e-02
8.5939e-02
1.0448e-01
1.0930e-01
1.0042e-01
8.7807e-02
6.9817e-02
5.6583e-02
3.7786e-02
2.2616e-02
1.5997e-02
8.1830e-03
2.8965e-03
-7.6514e-03
-9.5394e-03
5.0480e-03
1.1460e-02
1.3787e-02
2.9810e-02
4.7700e-02
5.8256e-02
4.7607e-02
1.3211e-02
6.6755e-05
1.8252e-02
4.4558e-02
5.4786e-02
4.8788e-02
7.2354e-02
1.1068e-01
1.3198e-01
1.3784e-01
1.2292e-01
9.9124e-02
7.1029e-02
5.4020e-02
4.6476e-02
3.5212e-02
3.8283e-02
3.7171e-02
3.0359e-02
3.4545e-02
3.6768e-02
4.3102e-02
5.1334e-02
5.7051e-02
5.4700e-02
3.6971e-02
7.0230e-03
-4.9452e-02
-8.7994e-02
-7.3546e-02
-6.0419e-02
-5.4299e-02
-5.1043e-02
-7.8969e-02
-9.7068e-02
-8.1148e-02
-4.7951e-02
6.3273e-03
3.8782e-02
4.3937e-02
2.9317e-02
-1.3892e-02
-4.0813e-02
-5.4410e-02
-4.6363e-02
-3.3454e-02
-2.4022e-02
-4.4086e-04
-8.8327e-03
-1.1748e-02
-1.7874e-02
-3.6810e-02
-3.7322e-02
-4.9466e-02
-5.6735e-02
-7.5705e-02
-8.7191e-02
-8.5067e-02
-9.8113e-02
-8.9115e-02
-9.5520e-02
-1.1874e-01
-1.1199e-01
-9.5235e-02
-7.3941e-02
-4.2629e-02
-2.2008e-02
-2.5891e-02
-4.8320e-02
-8.0397e-02
-9.5764e-02
-9.0877e-02
-8.4225e-02
-6.9548e-02
-5.2499e-02
-4.0926e-02
-2.8826e-02
-1.8319e-02
-1.2354e-02
-7.4612e-03
-4.3028e-04
-2.3607e-03
-1.6736e-02
-2.8450e-02
-4.7128e-02
-7.3767e-02
-8.5375e-02
-8.6942e-02
-8.9339e-02
-8.7730e-02
-7.7328e-02
-7.0362e-02
-7.0481e-02
-6.7024e-02
-6.7744e-02
-7.7391e-02
-8.7245e-02
-8.3933e-02
-6.9982e-02
-5.4441e-02
-3.7759e-02
-2.7059e-02
-1.7154e-02
-8.5955e-03
-5.0123e-03
4.2915e-03
8.3172e-03
3.7522e-03
5.0901e-03
5.9962e-03
8.1281e-03
1.4393e-02
1.4797e-02
1.6581e-02
1.6889e-02
1.1468e-02
3.1535e-03
-1.1040e-02
-1.7474e-02
-1.9993e-02
-2.3091e-02
-2.2435e-02
-2.8740e-02
-3.5011e-02
-3.4365e-02
-3.0594e-02
-2.8782e-02
-3.1217e-02
-4.0013e-02
-4.8913e-02
-4.2610e-02
-3.1110e-02
-2.2026e-02
-1.9371e-02
-2.4074e-02
-2.4015e-02
-2.1992e-02
-2.2236e-02
-2.5974e-02
-2.5721e-02
-2.1243e-02
-2.2274e-02
-2.5902e-02
-3.3204e-02
-3.9935e-02
-4.5173e-02
-4.9043e-02
-4.6833e-02
-4.8865e-02
-5.1147e-02
-4.4755e-02
-4.0494e-02
-3.8691e-02
-3.3720e-02
-2.9047e-02
-2.3198e-02
-1.8863e-02
-1.3842e-02
-5.7706e-03
-4.2863e-03
-4.1548e-03
-5.4308e-03
-1.4775e-02
-2.5080e-02
-2.7397e-02
-2.3791e-02
-2.5082e-02
-2.8771e-02
-3.3062e-02
-3.6408e-02
-3.4580e-02
-3.4548e-02
-3.2077e-02
-2.4453e-02
-1.9831e-02
-1.5098e-02
-1.0536e-02
-1.2082e-02
-1.6079e-02
-1.5267e-02
-6.9308e-03
6.9110e-04
5.0636e-03
1.2647e-02
1.8964e-02
2.1167e-02
1.9476e-02
1.2382e-02
2.3150e-03
-1.1708e-02
-2.4048e-02
-2.2988e-02
-1.6590e-02
-1.7063e-02
-2.2141e-02
-2.4448e-02
-2.0799e-02
-1.9426e-02
-8.8846e-03
1.1287e-02
1.5756e-02
1.7382e-02
2.3456e-02
2.5302e-02
2.6446e-02
2.4697e-02
2.5154e-02
2.5655e-02
2.0687e-02
1.8071e-02
2.1221e-02
2.4267e-02
2.7288e-02
3.8017e-02
4.7762e-02
4.3309e-02
4.1351e-02
4.6824e-02
4.8240e-02
5.7965e-02
6.6900e-02
6.9649e-02
7.3906e-02
7.3163e-02
8.0504e-02
8.8200e-02
8.6294e-02
8.6150e-02
7.8859e-02
6.4284e-02
5.6050e-02
5.1104e-02
4.4751e-02
4.1335e-02
3.9974e-02
4.3271e-02
4.9814e-02
5.5490e-02
6.3158e-02
6.9291e-02
7.6475e-02
7.8813e-02
7.2886e-02
7.1896e-02
6.9352e-02
6.2650e-02
5.6846e-02
4.3932e-02
2.7314e-02
1.4790e-02
2.6780e-03
-7.8866e-03
-1.6167e-02
-2.2661e-02
-2.2137e-02
-2.4377e-02
-2.8956e-02
-2.9277e-02
-3.3444e-02
-3.5441e-02
-3.8490e-02
-4.5153e-02
-4.5805e-02
-4.2569e-02
-3.2589e-02
-1.8048e-02
-8.5135e-03
-9.6187e-03
-1.9445e-02
-3.1686e-02
-4.4076e-02
-4.9644e-02
-5.2236e-02
-5.5573e-02
-5.4753e-02
-5.5984e-02
-5.5434e-02
-5.2090e-02
-5.3175e-02
-5.7959e-02
-6.5634e-02
-6.7303e-02
-6.8241e-02
-7.5419e-02
-8.0121e-02
-8.0040e-02
-7.5335e-02
-6.9044e-02
-5.7165e-02
-4.7978e-02
-4.5180e-02
-4.2038e-02
-4.8036e-02
-5.1641e-02
-5.5417e-02
-6.0850e-02
-5.4905e-02
-5.4288e-02
-5.8148e-02
-5.7904e-02
-6.0634e-02
-6.6408e-02
-6.4437e-02
-5.7980e-02
-5.7660e-02
-5.7511e-02
-5.9506e-02
-6.1628e-02
-6.2621e-02
-6.7309e-02
-7.0010e-02
-7.2107e-02
-7.3355e-02
-7.0784e-02
-6.8971e-02
-6.8732e-02
-6.7493e-02
-6.2569e-02
-5.4451e-02
-4.9138e-02
-4.6526e-02
-4.5687e-02
-4.5224e-02
-4.3261e-02
-4.4167e-02
-4.4137e-02
-4.4652e-02
-4.6767e-02
-4.5379e-02
-4.7140e-02
-4.9657e-02
-5.0726e-02
-5.2382e-02
-4.9778e-02
-4.5937e-02
-4.1440e-02
-3.6896e-02
-3.6938e-02
-3.9615e-02
-4.6587e-02
-4.9998e-02
-4.4449e-02
-4.5477e-02
-4.4959e-02
-3.8887e-02
-4.3729e-02
-4.8226e-02
-4.6598e-02
-4.3812e-02
-3.8492e-02
-3.5492e-02
-3.3638e-02
-3.3694e-02
-3.7282e-02
-4.0099e-02
-4.2624e-02
-4.4598e-02
-4.8946e-02
-6.0475e-02
-7.3084e-02
-8.5194e-02
-9.8391e-02
-1.0513e-01
-1.0343e-01
-9.4731e-02
-8.3488e-02
-7.6936e-02
-7.1274e-02
-6.6380e-02
-6.6035e-02
-6.5191e-02
-6.2402e-02
-5.9700e-02
-5.6639e-02
-5.2236e-02
-4.8322e-02
-4.6481e-02
-4.3943e-02
-3.9602e-02
-3.4538e-02
-3.0422e-02
-2.8798e-02
-3.0523e-02
-3.4882e-02
-3.9709e-02
-4.2467e-02
-4.1579e-02
-3.9703e-02
-3.9894e-02
-4.3861e-02
-5.1054e-02
-5.8422e-02
-6.4155e-02
-6.5251e-02
-6.1133e-02
-5.6972e-02
-5.4597e-02
-5.4001e-02
-5.6012e-02
-5.5261e-02
-4.8847e-02
-4.2706e-02
-3.8783e-02
-3.3381e-02
-2.8951e-02
-2.9254e-02
-3.1593e-02
-3.2997e-02
-3.3859e-02
-3.6144e-02
-3.7395e-02
-3.6277e-02
-3.5491e-02
-3.4213e-02
-3.5124e-02
-3.7184e-02
-3.4175e-02
-3.1305e-02
-3.1638e-02
-3.0005e-02
-2.9002e-02
-3.1833e-02
-3.3149e-02
-2.9335e-02
-2.2653e-02
-1.7243e-02
-1.5182e-02
-1.6002e-02
-1.7722e-02
-1.9359e-02
-2.1312e-02
-2.0693e-02
-2.1083e-02
-2.1675e-02
-2.0648e-02
-2.6567e-02
-3.0667e-02
-3.1839e-02
-3.5955e-02
-3.3562e-02
-2.7208e-02
-1.9570e-02
-1.2933e-02
-1.3567e-02
-1.6054e-02
-1.7070e-02
-1.8673e-02
-1.5051e-02
-6.7105e-03
9.1862e-05
9.1384e-03
1.3975e-02
1.2249e-02
1.3884e-02
1.6624e-02
2.0402e-02
2.6844e-02
3.2444e-02
3.4895e-02
3.2843e-02
2.7394e-02
2.2022e-02
1.9837e-02
1.9584e-02
2.3827e-02
2.9091e-02
2.8071e-02
2.7595e-02
2.5191e-02
1.8170e-02
1.4005e-02
1.1284e-02
1.1231e-02
1.4447e-02
1.7775e-02
2.0024e-02
1.8743e-02
1.4778e-02
1.1442e-02
8.9346e-03
9.6385e-03
1.6949e-02
2.3026e-02
2.6353e-02
2.9393e-02
2.6801e-02
2.2511e-02
2.0528e-02
1.9151e-02
1.8198e-02
1.8106e-02
1.6860e-02
1.2827e-02
9.1923e-03
6.5118e-03
3.5822e-03
1.7813e-04
-4.1873e-03
-8.0976e-03
-9.3521e-03
-1.0729e-02
-1.2947e-02
-1.2128e-02
-1.2292e-02
-1.4758e-02
-1.5227e-02
-1.5713e-02
-1.7123e-02
-1.4854e-02
-1.2869e-02
-1.7155e-02
-2.0228e-02
-2.3162e-02
-2.9261e-02
-3.2478e-02
-3.4616e-02
-3.6381e-02
-4.0115e-02
-4.5422e-02
-4.8366e-02
-5.2114e-02
-5.2485e-02
-4.9541e-02
-4.7977e-02
-4.6057e-02
-4.4244e-02
-4.1978e-02
-3.9241e-02
-3.7857e-02
-3.8310e-02
-3.9289e-02
-4.1092e-02
-4.3985e-02
-4.6254e-02
-4.8781e-02
-4.8322e-02
-4.4882e-02
-4.4334e-02
-4.2321e-02
-3.5673e-02
-3.0385e-02
-2.7968e-02
-2.6748e-02
-2.4703e-02
-2.2805e-02
-2.4499e-02
-2.6536e-02
-2.8043e-02
-2.9805e-02
-3.0546e-02
-3.3054e-02
-3.4855e-02
-3.4259e-02
-3.4255e-02
-3.4600e-02
-3.6574e-02
-3.7913e-02
-3.5349e-02
-3.0813e-02
-2.3770e-02
-1.7698e-02
-1.6369e-02
-1.4839e-02
-1.2595e-02
-1.2047e-02
-1.1638e-02
-1.1350e-02
-1.2366e-02
-1.2973e-02
-1.1278e-02
-9.8197e-03
-8.3938e-03
-6.5582e-03
-7.0762e-03
-5.3927e-03
-2.8603e-04
3.2009e-03
5.9620e-03
6.0894e-03
4.3013e-03
2.8371e-03
1.9754e-03
9.7886e-03
1.7460e-02
1.7425e-02
2.0957e-02
2.2699e-02
2.1279e-02
2.2782e-02
2.3700e-02
2.8379e-02
3.3975e-02
3.4603e-02
3.4852e-02
3.4486e-02
3.3503e-02
3.1616e-02
2.7472e-02
2.2915e-02
1.9049e-02
1.7273e-02
1.6159e-02
1.4685e-02
1.2872e-02
1.2640e-02
1.5015e-02
1.5078e-02
1.6430e-02
2.0418e-02
2.0615e-02
2.0313e-02
1.9939e-02
1.7805e-02
1.8788e-02
2.1556e-02
2.1468e-02
2.0018e-02
1.8600e-02
1.6103e-02
1.7165e-02
2.0240e-02
1.9412e-02
2.0491e-02
2.1555e-02
1.7703e-02
1.5867e-02
1.7212e-02
1.6691e-02
1.4696e-02
1.3295e-02
1.0127e-02
6.6206e-03
6.3600e-03
7.4519e-03
7.7528e-03
4.9599e-03
1.5391e-04
-1.0675e-03
-1.1608e-04
-2.8553e-03
-7.5554e-03
-1.1984e-02
-1.7811e-02
-2.2306e-02
-2.4655e-02
-2.6597e-02
-2.7682e-02
-3.0111e-02
-3.2836e-02
-3.3148e-02
-3.2243e-02
-2.9825e-02
-2.7206e-02
-2.6711e-02
-2.7609e-02
-2.8112e-02
-2.6314e-02
-2.3869e-02
-2.0639e-02
-1.7249e-02
-1.8840e-02
-1.9157e-02
-1.7796e-02
-2.0758e-02
-2.0711e-02
-1.8332e-02
-1.5098e-02
-9.9599e-03
-8.4972e-03
-8.2890e-03
-5.9941e-03
-2.5952e-03
4.5090e-04
2.6938e-03
3.9167e-03
4.1637e-03
5.3221e-03
5.4420e-03
5.8472e-03
8.6224e-03
8.1242e-03
5.6676e-03
4.9351e-03
2.5149e-03
1.2482e-04
4.8028e-04
1.3828e-03
2.3560e-03
3.6825e-03
3.7968e-03
2.5013e-03
2.1141e-03
3.5382e-03
6.2834e-03
8.6767e-03
1.0342e-02
1.3750e-02
1.6767e-02
1.8042e-02
1.9516e-02
2.1231e-02
2.5884e-02
2.9637e-02
2.9021e-02
2.8133e-02
2.5021e-02
2.1847e-02
1.8962e-02
1.5159e-02
1.3895e-02
1.1870e-02
1.1598e-02
1.1890e-02
1.0445e-02
1.1604e-02
1.2804e-02
1.3505e-02
1.2522e-02
1.1703e-02
1.2298e-02
1.2045e-02
1.2102e-02
1.0095e-02
8.2367e-03
7.1000e-03
5.3653e-03
4.8574e-03
3.8429e-03
3.3129e-03
2.8481e-03
1.8212e-03
3.8433e-03
5.3281e-03
3.0216e-03
2.4593e-03
3.1620e-03
2.9138e-03
2.2417e-03
1.3231e-04
-2.1516e-03
-3.7565e-03
-2.2399e-03
8.5529e-04
1.6845e-03
7.1307e-04
-1.7163e-03
-3.3533e-03
-4.3123e-03
-4.8278e-03
-2.1749e-03
-2.0248e-04
-1.7728e-03
-1.3924e-03
1.1126e-03
3.6402e-03
7.2844e-03
9.3241e-03
9.6679e-03
8.5972e-03
5.9728e-03
4.2269e-03
1.9901e-03
-6.7490e-04
-1.8347e-03
-1.8199e-03
-1.1409e-03
-8.9451e-04
-1.9030e-03
-3.9909e-03
-5.5828e-03
-4.4958e-03
-3.8661e-04
5.2671e-03
1.0939e-02
1.5861e-02
1.8461e-02
1.8580e-02
1.7891e-02
1.6728e-02
1.6470e-02
1.7999e-02
1.8771e-02
1.7343e-02
1.3515e-02
8.9318e-03
6.4477e-03
4.9917e-03
5.6496e-03
7.2739e-03
5.0310e-03
1.7931e-03
-1.7421e-03
-4.2468e-03
-3.4709e-03
-2.5482e-03
-6.2718e-04
3.4401e-04
-9.6816e-04
-3.3950e-03
-6.3469e-03
-7.3731e-03
-7.7911e-03
-7.4553e-03
-7.4489e-03
-7.6066e-03
-7.1378e-03
-9.0624e-03
-1.0626e-02
-9.3547e-03
-6.6305e-03
-5.2434e-03
-4.6032e-03
-3.2976e-03
-3.8799e-03
-3.8567e-03
-1.9380e-03
-4.6369e-04
2.0828e-03
4.7969e-03
3.3954e-03
7.8706e-04
1.2159e-04
-2.0164e-04
2.2594e-04
-1.7801e-03
-4.6643e-03
-6.0426e-03
-9.3584e-03
-1.1176e-02
-1.0924e-02
-1.0067e-02
-8.3544e-03
-7.8161e-03
-7.7705e-03
-9.0519e-03
-1.0139e-02
-9.3753e-03
-9.2984e-03
-9.7281e-03
-9.1574e-03
-8.0618e-03
-7.8144e-03
-6.9970e-03
-6.0456e-03
-5.5372e-03
-4.4297e-03
-3.9680e-03
-3.7135e-03
-4.7694e-03
-6.2522e-03
-7.5169e-03
-9.2880e-03
-9.3335e-03
-8.4872e-03
-6.9063e-03
-6.3504e-03
-7.1287e-03
-7.6378e-03
-8.4833e-03
-8.0160e-03
-5.5256e-03
-2.3573e-03
-1.6301e-03
-6.6628e-04
-3.0397e-05
-3.1767e-03
-3.9484e-03
-2.9576e-03
-2.6164e-03
-1.8743e-03
-1.3753e-03
1.8451e-04
1.9376e-03
2.1303e-03
3.1441e-03
7.0480e-03
8.1110e-03
6.0304e-03
5.5475e-03
6.3340e-03
7.2438e-03
6.5971e-03
7.9296e-03
8.6215e-03
5.9808e-03
6.4011e-03
6.2262e-03
3.8269e-03
2.3673e-03
1.8353e-03
4.5186e-04
-1.3243e-03
5.1859e-04
8.1082e-04
3.5857e-04
1.1420e-03
1.8874e-03
6.4645e-03
8.1441e-03
9.5568e-03
1.3343e-02
1.3905e-02
1.5238e-02
1.3699e-02
1.3585e-02
1.5436e-02
1.0801e-02
1.0983e-02
1.3758e-02
1.3139e-02
1.5661e-02
1.4970e-02
1.2494e-02
1.3158e-02
1.2247e-02
1.2590e-02
1.5043e-02
1.6296e-02
1.6093e-02
1.5708e-02
1.6800e-02
1.6884e-02
1.5442e-02
1.4270e-02
1.3944e-02
1.3867e-02
1.4100e-02
1.6525e-02
1.6676e-02
1.5735e-02
1.9122e-02
2.1313e-02
2.1289e-02
2.0972e-02
1.8348e-02
1.7107e-02
1.7486e-02
1.6224e-02
1.4763e-02
1.3919e-02
1.3161e-02
1.2184e-02
1.1508e-02
9.3289e-03
7.5403e-03
9.1463e-03
8.6825e-03
8.1046e-03
8.9316e-03
7.4218e-03
9.2027e-03
1.1837e-02
1.0631e-02
1.3301e-02
1.8174e-02
1.9114e-02
1.9615e-02
2.0037e-02
1.8798e-02
1.7372e-02
1.6447e-02
1.5046e-02
1.2952e-02
1.0571e-02
7.2511e-03
5.8186e-03
5.0880e-03
4.1419e-03
3.8307e-03
5.5943e-04
9.0247e-04
3.3760e-03
1.2488e-03
7.2444e-04
-3.1703e-04
-2.8488e-03
-3.4865e-03
-3.7956e-03
-3.3096e-03
-3.2600e-03
-4.8951e-03
-6.9392e-03
-6.4775e-03
-3.6494e-03
-1.2451e-03
9.1218e-04
4.3205e-03
8.2313e-03
8.6324e-03
7.1589e-03
8.6044e-03
1.1016e-02
1.0419e-02
8.6587e-03
7.6380e-03
5.4776e-03
3.3220e-03
6.0130e-04
-2.7569e-03
-5.0251e-03
-5.9813e-03
-4.6311e-03
-4.4187e-03
-3.5393e-03
-6.2932e-04
-9.3729e-04
-5.3184e-04
1.1779e-03
2.4941e-03
5.0334e-03
7.7168e-03
1.2130e-02
1.4332e-02
1.5153e-02
1.8263e-02
2.0055e-02
2.2514e-02
2.5243e-02
2.6452e-02
2.6564e-02
2.6271e-02
2.5740e-02
2.3337e-02
2.3055e-02
2.3610e-02
2.3613e-02
2.6261e-02
2.7033e-02
2.6627e-02
2.6700e-02
2.3640e-02
2.0761e-02
1.8863e-02
1.6247e-02
1.4552e-02
1.2684e-02
1.0627e-02
8.8432e-03
8.8654e-03
1.2576e-02
1.4181e-02
1.3423e-02
1.6624e-02
1.9542e-02
1.9464e-02
2.0258e-02
2.1763e-02
2.2557e-02
2.1150e-02
2.0219e-02
2.1878e-02
2.3353e-02
2.4929e-02
2.5530e-02
2.3452e-02
2.0923e-02
2.0004e-02
2.1201e-02
2.4238e-02
2.7633e-02
2.9269e-02
2.8093e-02
2.6082e-02
2.6334e-02
2.6067e-02
2.6004e-02
2.8271e-02
2.5918e-02
2.0644e-02
1.8966e-02
1.7571e-02
1.4574e-02
1.3031e-02
1.2714e-02
1.1806e-02
9.4932e-03
7.1816e-03
8.0436e-03
7.6519e-03
4.5230e-03
4.3456e-03
4.6146e-03
4.1878e-03
5.1421e-03
5.1298e-03
5.4266e-03
5.6556e-03
4.3586e-03
4.3012e-03
5.8720e-03
7.9740e-03
8.0887e-03
6.8574e-03
4.9372e-03
3.5982e-03
4.9667e-03
3.6435e-03
2.9102e-03
3.9539e-03
1.7448e-03
1.1131e-03
1.7984e-03
1.0624e-03
-7.5074e-04
-1.9904e-03
-9.2397e-04
-4.9874e-04
-4.8489e-04
5.0028e-04
1.6400e-03
2.5740e-03
3.0735e-03
4.3547e-03
5.3678e-03
6.4129e-03
7.1582e-03
6.9835e-03
8.0421e-03
5.8579e-03
2.7804e-03
2.6286e-03
1.3602e-03
1.3411e-03
2.1561e-03
1.2865e-03
-3.7921e-04
-1.0148e-03
2.2636e-04
2.4498e-03
6.5885e-03
9.7637e-03
1.0475e-02
1.1517e-02
1.2337e-02
1.2691e-02
1.2893e-02
1.2661e-02
1.4364e-02
1.5731e-02
1.5251e-02
1.6379e-02
1.5951e-02
1.5451e-02
1.6942e-02
1.7288e-02
1.8503e-02
1.8809e-02
1.7663e-02
1.6629e-02
1.5668e-02
1.4723e-02
1.3141e-02
1.3573e-02
1.2983e-02
1.0332e-02
8.6744e-03
7.9226e-03
9.3299e-03
9.0269e-03
8.5797e-03
1.1230e-02
1.2814e-02
1.5351e-02
1.7429e-02
1.6658e-02
1.6814e-02
1.7682e-02
1.8812e-02
1.9767e-02
2.0195e-02
2.0541e-02
1.9398e-02
1.7202e-02
1.5005e-02
1.2965e-02
1.2280e-02
1.3053e-02
1.1965e-02
8.6233e-03
5.4033e-03
3.2790e-03
2.2899e-03
5.4166e-04
1.1410e-03
3.6606e-03
2.3207e-03
1.7045e-03
2.8567e-03
2.9287e-03
4.4584e-03
5.3948e-03
6.9219e-03
1.0287e-02
1.4172e-02
1.9599e-02
2.0608e-02
1.8943e-02
1.8196e-02
1.6479e-02
1.7759e-02
1.6974e-02
1.3157e-02
1.1583e-02
7.8646e-03
3.6418e-03
2.9443e-03
3.3566e-03
3.0641e-03
2.2815e-03
2.5710e-03
3.1639e-03
3.3132e-03
5.1553e-03
7.1142e-03
9.7051e-03
1.2333e-02
1.1520e-02
1.1032e-02
1.2161e-02
1.2856e-02
1.1854e-02
1.0814e-02
1.0117e-02
5.2937e-03
-6.8647e-04
-3.2301e-03
-3.9184e-03
-5.2895e-03
-4.7838e-03
-2.7749e-03
-3.2403e-03
-2.2033e-03
-8.3223e-04
-1.3856e-03
1.7416e-04
1.7147e-03
2.1728e-03
2.4632e-03
2.0499e-03
2.0800e-03
2.8626e-03
4.5603e-03
4.6571e-03
4.6617e-03
7.0916e-03
6.9336e-03
5.2000e-03
4.5308e-03
3.8439e-03
3.3408e-03
2.5728e-03
3.0336e-03
2.8509e-03
-7.8111e-04
-3.2583e-03
-2.5563e-03
-3.1508e-03
-4.3590e-03
-4.3543e-03
-4.6050e-03
-3.0517e-03
-1.3378e-03
-9.7091e-04
-1.1012e-03
-1.7746e-03
-7.3165e-05
9.5993e-04
8.4621e-04
2.3710e-03
2.2608e-03
2.4585e-03
3.1488e-03
3.4535e-04
-1.0897e-03
5.4910e-04
-8.6648e-04
-1.4939e-03
-4.3617e-04
-4.0351e-03
-7.1701e-03
-8.1690e-03
-8.0083e-03
-6.6639e-03
-9.0522e-03
-1.0666e-02
-1.0165e-02
-9.6882e-03
-6.2384e-03
-4.4398e-03
-4.3177e-03
-2.2681e-03
-1.6436e-03
-1.8296e-03
-2.4849e-03
-3.4598e-03
-1.5204e-03
-5.9791e-04
-2.9027e-03
-3.8311e-03
-3.1623e-03
-2.5430e-03
-2.1984e-03
-1.8702e-03
-1.1209e-03
-8.3898e-04
-2.3045e-04
8.0016e-04
-3.5412e-04
-2.5398e-03
-3.3550e-03
-3.6904e-03
-3.4254e-03
-2.5093e-03
-1.2559e-03
7.3419e-04
2.5615e-03
5.6729e-03
1.0111e-02
1.3250e-02
1.6037e-02
1.7686e-02
1.6326e-02
1.5583e-02
1.5876e-02
1.5392e-02
1.6862e-02
1.6712e-02
1.4058e-02
1.3447e-02
1.1386e-02
9.6945e-03
1.0111e-02
8.8644e-03
9.7542e-03
1.2090e-02
1.2488e-02
1.2173e-02
1.0117e-02
8.5809e-03
9.0004e-03
8.6985e-03
7.7186e-03
6.8588e-03
6.0205e-03
4.4795e-03
3.1477e-03
4.3756e-03
7.0466e-03
9.0487e-03
1.0901e-02
1.1621e-02
1.1773e-02
1.2547e-02
1.1802e-02
1.0721e-02
8.7448e-03
6.1012e-03
4.8623e-03
2.0496e-03
-2.1914e-03
-6.7672e-03
-1.0137e-02
-1.1339e-02
-1.2371e-02
-1.1912e-02
-1.0358e-02
-8.8504e-03
-6.3660e-03
-3.1171e-03
-2.6653e-04
2.6585e-04
-7.6852e-04
-7.0228e-04
-5.4581e-04
-2.3410e-03
-3.8830e-03
-4.8066e-03
-7.2937e-03
-8.8666e-03
-1.0699e-02
-1.3696e-02
-1.3924e-02
-1.4538e-02
-1.6141e-02
-1.7445e-02
-1.9127e-02
-1.8086e-02
-1.6712e-02
-1.5838e-02
-1.3983e-02
-1.2772e-02
-1.0944e-02
-1.0458e-02
-1.2359e-02
-1.2441e-02
-1.1048e-02
-9.3792e-03
-6.8331e-03
-6.1927e-03
-6.5322e-03
-5.0253e-03
-3.3028e-03
-1.4818e-03
-2.1343e-04
-1.2783e-03
-2.9212e-03
-4.3248e-03
-5.9549e-03
-7.1402e-03
-7.4805e-03
-6.8791e-03
-7.3768e-03
-9.3639e-03
-9.6323e-03
-8.2547e-03
-7.6898e-03
-8.1621e-03
-8.3457e-03
-7.0880e-03
-4.9539e-03
-3.9987e-03
-3.0229e-03
-1.5846e-03
-1.5661e-03
-1.2334e-03
-9.7528e-04
-2.2199e-03
-3.0082e-03
-3.1196e-03
-4.1061e-03
-5.2208e-03
-5.8754e-03
-6.8867e-03
-6.4114e-03
-5.1825e-03
-6.3410e-03
-6.9341e-03
-5.6956e-03
-6.1353e-03
-5.4139e-03
-2.3315e-03
-2.0207e-03
-2.9832e-03
-3.6507e-03
-5.7232e-03
-6.9328e-03
-6.4904e-03
-7.0470e-03
-8.8068e-03
-9.6891e-03
-9.9512e-03
-1.0856e-02
-1.2102e-02
-1.1452e-02
-1.1366e-02
-1.4397e-02
-1.5871e-02
-1.6558e-02
-1.6413e-02
-1.4201e-02
-1.3901e-02
-1.3919e-02
-1.3631e-02
-1.3604e-02
-1.3871e-02
-1.5336e-02
-1.5326e-02
-1.4384e-02
-1.5290e-02
-1.6916e-02
-1.7064e-02
-1.8171e-02
-1.9755e-02
-1.9877e-02
-2.1807e-02
-2.2529e-02
-2.1633e-02
-2.2214e-02
-2.1311e-02
-1.9925e-02
-1.9187e-02
-1.9079e-02
-1.9759e-02
-1.9190e-02
-1.7739e-02
-1.6603e-02
-1.6203e-02
-1.5343e-02
-1.5349e-02
-1.5975e-02
-1.5063e-02
-1.5556e-02
-1.6274e-02
-1.7196e-02
-1.9463e-02
-2.0280e-02
-2.1720e-02
-2.3390e-02
-2.2703e-02
-2.0639e-02
-1.8478e-02
-1.5937e-02
-1.2222e-02
-1.0238e-02
-1.0497e-02
-1.0478e-02
-9.1155e-03
-5.8531e-03
-3.3142e-03
-1.7671e-03
-6.4062e-04
-6.9153e-04
-1.1061e-05
-4.8586e-04
-1.2085e-03
-9.3982e-04
-3.9386e-03
-6.8452e-03
-7.0014e-03
-7.5169e-03
-8.7507e-03
-9.6437e-03
-9.2011e-03
-7.7093e-03
-5.2476e-03
-3.0856e-03
-2.8361e-03
-2.8990e-03
-1.3915e-03
7.7992e-04
2.4510e-03
5.3571e-03
8.3924e-03
8.7730e-03
6.9058e-03
4.8576e-03
3.9003e-03
3.3017e-03
3.4778e-03
2.7738e-03
9.8421e-04
7.0339e-05
-2.3858e-03
-3.7140e-03
-2.5788e-03
-2.3498e-03
-2.3480e-04
2.0670e-03
1.4193e-03
1.0485e-03
7.4616e-04
-1.0710e-03
-2.2003e-03
-2.4426e-03
-3.0384e-03
-3.3111e-03
-4.7186e-03
-6.3106e-03
-7.4089e-03
-8.5701e-03
-8.5948e-03
-9.7479e-03
-8.5840e-03
-4.7739e-03
-4.3539e-03
-5.2447e-03
-5.1838e-03
-5.4844e-03
-5.7202e-03
-4.1279e-03
-3.2392e-03
-3.1684e-03
-2.8800e-03
-4.6043e-03
-5.5654e-03
-6.6377e-03
-6.9294e-03
-6.7082e-03
-8.6888e-03
-7.9215e-03
-7.6032e-03
-7.7861e-03
-6.3988e-03
-6.6008e-03
-5.7145e-03
-6.2213e-03
-6.4217e-03
-4.0683e-03
-4.4994e-03
-5.2754e-03
-5.1230e-03
-5.7823e-03
-6.1922e-03
-5.7763e-03
-4.1880e-03
-3.2768e-03
-3.7784e-03
-3.8973e-03
-3.5947e-03
-4.0925e-03
-3.8982e-03
-1.7146e-03
-1.1762e-03
-2.5233e-03
-2.0398e-03
-1.2849e-03
-1.7014e-03
-2.6309e-04
1.3576e-03
-4.9600e-05
-8.0800e-04
-7.0386e-04
-2.7195e-03
-4.2805e-03
-3.3963e-03
-2.4386e-03
-2.0561e-03
-5.8539e-04
-8.4302e-04
-1.2538e-03
3.8299e-04
-7.0446e-04
-1.2581e-03
2.2195e-04
-4.0520e-04
-6.4872e-04
2.2052e-04
4.6016e-04
5.7366e-04
8.1149e-04
3.1905e-03
7.2677e-03
8.0545e-03
6.7299e-03
7.3645e-03
8.4773e-03
8.3087e-03
8.4149e-03
8.6048e-03
8.2127e-03
9.0432e-03
8.7098e-03
8.6300e-03
9.9104e-03
7.2522e-03
5.5696e-03
5.5029e-03
3.6363e-03
3.9525e-03
4.4811e-03
4.7484e-03
4.8811e-03
4.5145e-03
4.6325e-03
4.3122e-03
6.1819e-03
7.9773e-03
7.8263e-03
7.6451e-03
7.1734e-03
5.8039e-03
4.8670e-03
8.2256e-03
1.1545e-02
1.2030e-02
1.2212e-02
1.1867e-02
1.1306e-02
9.9673e-03
9.3447e-03
8.7772e-03
8.6021e-03
9.6397e-03
9.1405e-03
9.1774e-03
8.9786e-03
7.6146e-03
7.3349e-03
8.1893e-03
9.8432e-03
9.9638e-03
9.4119e-03
7.9439e-03
6.9682e-03
9.4180e-03
1.0060e-02
1.0855e-02
1.3209e-02
1.4523e-02
1.5853e-02
1.4929e-02
1.5544e-02
1.7402e-02
1.6613e-02
1.6741e-02
1.7125e-02
1.6175e-02
1.4631e-02
1.2356e-02
9.6876e-03
8.7812e-03
9.4448e-03
8.7812e-03
8.9904e-03
1.1026e-02
1.1104e-02
1.1127e-02
1.1939e-02
1.1660e-02
1.4331e-02
1.6457e-02
1.5288e-02
1.5308e-02
1.4495e-02
1.3733e-02
1.3254e-02
1.2483e-02
1.4219e-02
1.4603e-02
1.3092e-02
1.2915e-02
1.2918e-02
1.2651e-02
1.1080e-02
1.0316e-02
1.3451e-02
1.5290e-02
1.3970e-02
1.2337e-02
1.1195e-02
1.1572e-02
1.2154e-02
1.2001e-02
1.0467e-02
9.5375e-03
9.9651e-03
8.1305e-03
6.9726e-03
6.8880e-03
6.6254e-03
7.9842e-03
8.2819e-03
7.8017e-03
7.8820e-03
8.1926e-03
9.3393e-03
9.8196e-03
9.1522e-03
9.3237e-03
1.0487e-02
1.0671e-02
1.0730e-02
1.2337e-02
1.3424e-02
1.3012e-02
1.2589e-02
1.2479e-02
1.1598e-02
9.8007e-03
9.7402e-03
1.1203e-02
1.1167e-02
9.2084e-03
8.5016e-03
1.0544e-02
9.8086e-03
8.2485e-03
1.1310e-02
1.3455e-02
1.3217e-02
1.3411e-02
1.3366e-02
1.3841e-02
1.2608e-02
1.0810e-02
1.2154e-02
1.0523e-02
7.9821e-03
9.1339e-03
7.3732e-03
4.9787e-03
5.3224e-03
6.0950e-03
7.4274e-03
7.9350e-03
7.4215e-03
7.6923e-03
8.9115e-03
9.3242e-03
9.9501e-03
1.0999e-02
1.1225e-02
1.1285e-02
9.2402e-03
7.7846e-03
8.3906e-03
8.0305e-03
8.7851e-03
9.9825e-03
1.0868e-02
1.3204e-02
1.5250e-02
1.6067e-02
1.7123e-02
1.7981e-02
1.7420e-02
1.5988e-02
1.4333e-02
1.2672e-02
8.2904e-03
3.7357e-03
2.8456e-03
1.2644e-03
-3.2984e-04
8.6832e-04
2.2343e-03
2.7617e-03
5.4513e-03
7.6692e-03
6.8711e-03
6.8981e-03
5.7360e-03
4.4102e-03
4.0937e-03
2.5128e-03
2.8102e-03
3.4754e-03
1.5759e-03
-9.6411e-04
-2.0307e-03
-3.2704e-03
-4.3019e-03
-3.5867e-03
-4.5808e-03
-5.4020e-03
-4.8473e-03
-5.1076e-03
-5.4881e-03
-5.8397e-03
-5.8870e-03
-6.8507e-03
-7.3931e-03
-8.1732e-03
-9.9062e-03
-9.2776e-03
-9.0196e-03
-9.1550e-03
-8.3372e-03
-8.7641e-03
-9.3128e-03
-8.9079e-03
-8.3494e-03
-9.0465e-03
-9.1844e-03
-8.3884e-03
-8.8393e-03
-8.6084e-03
-7.7602e-03
-7.4871e-03
-7.0531e-03
-7.4248e-03
-8.7039e-03
-8.7010e-03
-7.8136e-03
-8.5236e-03
-8.3458e-03
-6.3894e-03
-6.5075e-03
-8.1722e-03
-8.5109e-03
-7.4462e-03
-6.3155e-03
-4.9347e-03
-3.9929e-03
-4.3184e-03
-4.8271e-03
-6.1582e-03
-7.7248e-03
-6.7910e-03
-5.0052e-03
-5.1774e-03
-6.5690e-03
-8.4187e-03
-9.2236e-03
-8.1081e-03
-6.9574e-03
-6.8994e-03
-6.8167e-03
-6.8858e-03
-7.4194e-03
-6.9336e-03
-7.1926e-03
-6.8942e-03
-6.8493e-03
-9.0327e-03
-8.5277e-03
-8.4845e-03
-9.9674e-03
-9.3179e-03
-9.1747e-03
-9.9125e-03
-1.0482e-02
-1.0338e-02
-9.2649e-03
-8.9468e-03
-1.0142e-02
-9.1222e-03
-6.7295e-03
-7.7064e-03
-8.5947e-03
-8.6656e-03
-1.0301e-02
-1.0136e-02
-9.1426e-03
-1.0411e-02
-1.2108e-02
-1.3906e-02
-1.5515e-02
-1.6577e-02
-1.8416e-02
-1.8799e-02
-1.7261e-02
-1.7019e-02
-1.7362e-02
-1.6746e-02
-1.7069e-02
-1.6291e-02
-1.3532e-02
-1.3097e-02
-1.2760e-02
-1.1910e-02
-1.2268e-02
-1.3027e-02
-1.5428e-02
-1.6714e-02
-1.6665e-02
-1.7282e-02
-1.8121e-02
-1.9225e-02
-1.9502e-02
-1.8509e-02
-1.6768e-02
-1.7335e-02
-1.7894e-02
-1.6050e-02
-1.6701e-02
-1.7377e-02
-1.7425e-02
-1.9025e-02
-1.8844e-02
-1.9503e-02
-2.1392e-02
-2.1222e-02
-2.1079e-02
-2.0067e-02
-1.8412e-02
-1.8034e-02
-1.7314e-02
-1.7004e-02
-1.6614e-02
-1.5877e-02
-1.5282e-02
-1.4954e-02
-1.6147e-02
-1.6277e-02
-1.5924e-02
-1.6852e-02
-1.6763e-02
-1.6534e-02
-1.7614e-02
-1.7097e-02
-1.5914e-02
-1.7375e-02
-1.7260e-02
-1.5790e-02
-1.5376e-02
-1.3717e-02
-1.2211e-02
-1.1022e-02
-9.5436e-03
-8.6382e-03
-8.9093e-03
-9.3580e-03
-8.7667e-03
-7.8531e-03
-5.9515e-03
-6.1572e-03
-7.8385e-03
-7.2046e-03
-7.2994e-03
-7.3502e-03
-6.4088e-03
-5.7557e-03
-6.0758e-03
-6.5436e-03
-4.1507e-03
-3.0150e-03
-3.9112e-03
-4.4710e-03
-5.2361e-03
-4.7182e-03
-5.2808e-03
-4.6710e-03
-3.2851e-03
-4.4443e-03
-3.8634e-03
-4.7534e-03
-6.2704e-03
-4.4742e-03
-4.3980e-03
-5.8163e-03
-5.1230e-03
-5.0832e-03
-7.9012e-03
-7.7517e-03
-6.8804e-03
-9.4351e-03
-9.6707e-03
-9.9283e-03
-1.1687e-02
-1.0692e-02
-9.5211e-03
-9.5158e-03
-8.7346e-03
-8.9344e-03
-9.1935e-03
-8.4524e-03
-9.3025e-03
-8.4351e-03
-7.3390e-03
-9.0962e-03
-8.1765e-03
-7.7093e-03
-9.5478e-03
-8.9560e-03
-9.2157e-03
-1.0816e-02
-1.1042e-02
-1.0804e-02
-1.1076e-02
-1.1891e-02
-1.1652e-02
-1.1171e-02
-1.0867e-02
-9.8475e-03
-9.3881e-03
-1.0367e-02
-1.2252e-02
-1.2067e-02
-1.1571e-02
-1.2653e-02
-1.2966e-02
-1.3438e-02
-1.2737e-02
-1.2591e-02
-1.2974e-02
-1.0710e-02
-1.0378e-02
-1.0797e-02
-9.8141e-03
-1.0276e-02
-1.1064e-02
-1.1671e-02
-1.1576e-02
-1.2162e-02
-1.3647e-02
-1.2456e-02
-1.2220e-02
-1.2684e-02
-9.7438e-03
-8.1879e-03
-8.3687e-03
-8.0875e-03
-8.5910e-03
-8.9739e-03
-7.7726e-03
-5.1779e-03
-3.7284e-03
-3.8258e-03
-3.8600e-03
-3.0628e-03
-1.9886e-03
-1.8230e-03
-1.8275e-03
-2.8350e-04
1.9117e-03
2.2306e-03
1.0583e-03
1.5044e-04
-1.1806e-04
-1.2027e-03
-2.7241e-03
-2.9155e-03
-3.1373e-03
-3.1281e-03
-2.0885e-03
-2.3083e-03
-3.7153e-03
-3.2477e-03
-6.9016e-04
5.6856e-04
7.5761e-04
2.4306e-03
3.5286e-03
2.5268e-03
2.8200e-03
4.6127e-03
4.8231e-03
3.4929e-03
2.2269e-03
2.4778e-03
2.4645e-03
1.6473e-03
2.0614e-03
2.0550e-03
8.4820e-04
-6.4805e-04
-9.5862e-04
-3.5803e-04
-9.6177e-04
-1.4458e-03
-3.4701e-04
-2.5038e-04
-1.9681e-03
-9.0909e-04
1.2310e-03
8.3297e-04
9.9040e-04
1.9951e-03
1.9277e-03
1.0166e-03
1.4020e-03
1.0329e-03
-7.5362e-04
4.4498e-04
1.3735e-03
8.2543e-04
1.0300e-03
1.0474e-03
1.0231e-03
6.4684e-05
-7.7669e-04
-3.8853e-04
-5.2587e-04
-4.0086e-04
-9.8668e-04
-1.1886e-03
1.9900e-04
1.6720e-03
3.1274e-03
4.1444e-03
5.4588e-03
7.6449e-03
8.9958e-03
1.0915e-02
1.3413e-02
1.3432e-02
1.3833e-02
1.6287e-02
1.6528e-02
1.5422e-02
1.5342e-02
1.4883e-02
1.3694e-02
1.2578e-02
1.2818e-02
1.3078e-02
1.1864e-02
1.0873e-02
1.1153e-02
1.3096e-02
1.4331e-02
1.3557e-02
1.4219e-02
1.5215e-02
1.4786e-02
1.5255e-02
1.5563e-02
1.5732e-02
1.5479e-02
1.3054e-02
1.2662e-02
1.3849e-02
1.3776e-02
1.4771e-02
1.5546e-02
1.5541e-02
1.5162e-02
1.4475e-02
1.4788e-02
1.5082e-02
1.5574e-02
1.6065e-02
1.6832e-02
1.7879e-02
1.8189e-02
1.8696e-02
1.8084e-02
1.7400e-02
1.8150e-02
1.8574e-02
1.8275e-02
1.7748e-02
1.6535e-02
1.6250e-02
1.8867e-02
2.0232e-02
2.0079e-02
2.0405e-02
2.0054e-02
2.0749e-02
2.1213e-02
2.0533e-02
2.1024e-02
2.1826e-02
2.1064e-02
2.0208e-02
1.9931e-02
1.9487e-02
2.0295e-02
2.0611e-02
1.9278e-02
1.8015e-02
1.6739e-02
1.6458e-02
1.6314e-02
1.4904e-02
1.4855e-02
1.5957e-02
1.5330e-02
1.4276e-02
1.4736e-02
1.5083e-02
1.5631e-02
1.6967e-02
1.6423e-02
1.5815e-02
1.6628e-02
1.6549e-02
1.6511e-02
1.6591e-02
1.6390e-02
1.6336e-02
1.5838e-02
1.5568e-02
1.5459e-02
1.5425e-02
1.5540e-02
1.5238e-02
1.4347e-02
1.2911e-02
1.2488e-02
1.3258e-02
1.3645e-02
1.3029e-02
1.2595e-02
1.3067e-02
1.2288e-02
1.1543e-02
1.1884e-02
1.0926e-02
1.0216e-02
1.0807e-02
1.1420e-02
1.1839e-02
1.1916e-02
1.1406e-02
1.0328e-02
9.4378e-03
8.5982e-03
7.8834e-03
7.3370e-03
6.7676e-03
6.8235e-03
6.6165e-03
5.8581e-03
4.9009e-03
3.5916e-03
3.0761e-03
3.5967e-03
3.9233e-03
3.2504e-03
2.3330e-03
1.6638e-03
1.4326e-04
-4.3097e-04
7.7110e-05
-1.0583e-03
-1.4340e-03
-1.3652e-03
-2.6661e-03
-3.1615e-03
-3.0382e-03
-3.4165e-03
-3.9591e-03
-3.4034e-03
-3.5443e-03
-4.4063e-03
-3.6669e-03
-3.9821e-03
-4.1854e-03
-3.4430e-03
-3.8358e-03
-3.3821e-03
-2.7054e-03
-2.7198e-03
-2.7494e-03
-2.9273e-03
-3.2654e-03
-3.5652e-03
-3.8206e-03
-5.1179e-03
-5.1115e-03
-3.7181e-03
-4.5426e-03
-5.4050e-03
-4.8836e-03
-5.2086e-03
-5.1950e-03
-4.5064e-03
-5.2607e-03
-5.2980e-03
-4.5645e-03
-5.1929e-03
-5.4750e-03
-5.9338e-03
-5.6736e-03
-4.7733e-03
-5.7359e-03
-6.1890e-03
-6.8314e-03
-8.1769e-03
-8.1552e-03
-8.0886e-03
-7.3171e-03
-6.4911e-03
-6.9376e-03
-6.9247e-03
-6.9620e-03
-7.1560e-03
-6.7847e-03
-6.1966e-03
-5.8160e-03
-6.2694e-03
-6.1750e-03
-6.2220e-03
-7.7135e-03
-8.1288e-03
-7.7909e-03
-7.7905e-03
-7.6250e-03
-7.7383e-03
-7.7298e-03
-8.4009e-03
-9.5456e-03
-9.3262e-03
-8.9273e-03
-8.8200e-03
-8.0154e-03
-8.0279e-03
-8.7014e-03
-8.7284e-03
-8.6501e-03
-8.3221e-03
-8.3265e-03
-8.6875e-03
-9.1080e-03
-9.4815e-03
-8.9928e-03
-8.7503e-03
-8.4623e-03
-8.4259e-03
-8.9677e-03
-8.3509e-03
-8.3203e-03
-8.5689e-03
-7.8034e-03
-7.9606e-03
-8.1890e-03
-7.9358e-03
-8.3181e-03
-8.2899e-03
-8.0403e-03
-8.0803e-03
-7.4260e-03
-7.2438e-03
-7.6154e-03
-7.1896e-03
-6.8282e-03
-6.7279e-03
-6.4741e-03
-6.4989e-03
-6.5852e-03
-6.2641e-03
-6.0793e-03
-6.3780e-03
-6.5945e-03
-6.8271e-03
-7.1656e-03
-6.9656e-03
-6.5609e-03
-6.4423e-03
-6.1258e-03
-5.8220e-03
-5.5419e-03
-5.1434e-03
-4.9600e-03
-4.5888e-03
-4.3881e-03
-4.5038e-03
-4.5803e-03
-4.9224e-03
-5.1112e-03
-5.0040e-03
-4.9621e-03
-5.0570e-03
-5.1374e-03
-5.0395e-03
-5.0005e-03
-5.0058e-03
-4.7398e-03
-4.4310e-03
-4.3780e-03
-4.1394e-03
-3.8594e-03
-3.7569e-03
-3.5720e-03
-3.5913e-03
-3.5823e-03
-3.5484e-03
-3.6841e-03
-3.6479e-03
-3.5222e-03
-3.2945e-03
-3.1220e-03
-3.1482e-03
-3.1381e-03
-3.0405e-03
-2.8445e-03
-2.6760e-03
-2.4625e-03
-2.2434e-03
-2.1752e-03
-2.0067e-03
-1.8875e-03
-1.8455e-03
-1.6202e-03
-1.4689e-03
-1.4058e-03
-1.3033e-03
-1.2160e-03
-1.0982e-03
-1.0069e-03
-8.8912e-04
-7.4728e-04
-6.3684e-04
-4.9995e-04
-4.3699e-04
-4.3697e-04
-4.1109e-04
-2.9935e-04
-1.3239e-04
-4.2790e-05
5.2142e-05
1.6580e-04
2.3284e-04
3.0881e-04
3.8650e-04
4.7512e-04
5.6110e-04
6.4115e-04
7.6746e-04
8.3993e-04
8.4255e-04
8.9382e-04
9.5695e-04
1.0040e-03
1.0710e-03
1.1380e-03
1.2046e-03
1.2720e-03
1.3263e-03
1.3894e-03
1.4650e-03
1.5364e-03
1.6041e-03
1.6660e-03
1.7243e-03
1.7791e-03
1.8314e-03
1.8842e-03
1.9293e-03
1.9743e-03
2.0219e-03
2.0643e-03
2.1094e-03
2.1570e-03
2.1992e-03
2.2413e-03
2.2871e-03
2.3285e-03
2.3686e-03
2.4096e-03
2.4463e-03
2.4834e-03
2.5196e-03
2.5557e-03
2.5918e-03
2.6242e-03
2.6567e-03
2.6879e-03
2.7171e-03
2.7465e-03
2.7753e-03
2.8033e-03
2.8298e-03
2.8555e-03
2.8808e-03
2.9050e-03
2.9285e-03
2.9511e-03
2.9728e-03
2.9935e-03
3.0132e-03
3.0321e-03
3.0502e-03
3.0674e-03
3.0838e-03
3.0993e-03
3.1139e-03
3.1278e-03
3.1408e-03
3.1531e-03
3.1645e-03
3.1752e-03
3.1850e-03
3.1941e-03
3.2023e-03
3.2097e-03
3.2163e-03
