0.01000 0.66842
0.02000 0.75436
0.02200 0.77154
0.02500 0.79732
0.02900 0.83170
0.03000 0.84029
0.03200 0.85747
0.03500 0.88325
0.03600 0.89185
0.04000 0.92622
0.04200 0.94341
0.04400 0.96059
0.04500 0.96919
0.04600 0.97778
0.04800 0.99497
0.05000 1.01215
0.05500 1.05512
0.06000 1.09809
0.06500 1.14105
0.06700 1.15824
0.07000 1.18402
0.07500 1.22698
0.08000 1.26995
0.08500 1.31292
0.09000 1.35588
0.09500 1.39885
0.10000 1.44181
0.11000 1.45623
0.12000 1.45623
0.13000 1.45623
0.13300 1.45623
0.14000 1.45623
0.15000 1.45623
0.16000 1.45623
0.17000 1.45623
0.18000 1.45623
0.19000 1.45623
0.20000 1.45623
0.22000 1.45623
0.24000 1.45623
0.25000 1.45623
0.26000 1.45623
0.28000 1.45623
0.29000 1.45623
0.30000 1.45623
0.32000 1.45623
0.34000 1.45623
0.35000 1.45623
0.36000 1.45623
0.38000 1.45623
0.40000 1.45623
0.42000 1.45623
0.44000 1.45623
0.45000 1.45623
0.46000 1.45623
0.48000 1.45623
0.50000 1.45623
0.55000 1.34605
0.60000 1.23388
0.65000 1.13896
0.66700 1.10994
0.70000 1.05761
0.75000 0.98710
0.80000 0.92541
0.85000 0.87097
0.90000 0.82259
0.95000 0.77929
1.00000 0.74033
1.10000 0.67302
1.20000 0.61694
1.30000 0.56948
1.40000 0.52880
1.50000 0.49355
1.60000 0.46270
1.70000 0.43549
1.80000 0.41129
1.90000 0.38965
2.00000 0.37016
2.20000 0.33651
2.40000 0.30847
2.50000 0.29613
2.60000 0.28474
2.80000 0.26440
3.00000 0.24678
3.20000 0.23135
3.40000 0.21774
3.50000 0.21152
3.60000 0.20565
3.80000 0.19482
4.00000 0.18508
4.20000 0.17627
4.40000 0.16826
4.60000 0.16094
4.80000 0.15423
5.00000 0.14807
5.50000 0.13460
6.00000 0.12339
6.50000 0.10514
7.00000 0.09065
7.50000 0.07897
8.00000 0.06941
8.50000 0.06148
9.00000 0.05484
9.50000 0.04922
10.00000 0.04442
11.00000 0.03671
12.00000 0.03085
13.00000 0.02628
14.00000 0.02266
15.00000 0.01974
20.00000 0.01110
